RESULTS

For the following solvents:
PC  
We considered all the salts that could be formed with the following cations and anions:
Cations: Li  Na  K  Rb  Cs  
Anions: F  Cl  Br  I  

dGs
                     allparams_bound                     gamma_bound                      simple_unbound                      zeta_bound             
Ref dGs        error            result           error            result           error            result           error            result        
  22.851       13.466            9.385           13.215            9.636           17.102            5.749           15.481            7.371     
   5.590       -3.227            8.818           -3.413            9.003           -0.318            5.908           -1.618            7.208     
  -0.351       -3.158            2.806           -3.974            3.622           -7.969            7.618           -1.875            1.523     
  -8.846       -7.051           -1.795           -6.863           -1.983          -14.129            5.283           -8.000           -0.845     
  17.546        4.345           13.202            4.660           12.887           11.685            5.862            3.429           14.117     
  10.852       -1.858           12.710           -1.450           12.302            4.822            6.030           -3.203           14.055     
   6.629       -1.220            7.849           -1.031            7.660           -1.258            7.887           -3.264            9.892     
   0.213       -1.325            1.538           -0.745            0.958           -5.122            5.334           -5.049            5.262     
   8.841       -2.488           11.329           -2.008           10.848            3.681            5.159           -1.457           10.298     
   9.500       -1.294           10.794           -0.736           10.237            4.178            5.323           -0.679           10.179     
   6.867        1.258            5.608            1.481            5.386           -0.271            7.138            1.280            5.586     
   2.161        2.112            0.049            2.995           -0.834           -2.520            4.681            0.211            1.950     
   7.505       -2.306            9.811           -2.135            9.640            2.378            5.127           -1.476            8.981     
   5.461        0.755            4.706            0.621            4.841           -1.491            6.952            0.967            4.495     
   1.434        2.324           -0.890            2.837           -1.403           -3.056            4.491            0.624            0.810     
   0.882       -6.584            7.466           -7.413            8.295           -3.615            4.497           -4.259            5.141     
   5.758       -1.129            6.887           -1.898            7.655            1.104            4.654            0.793            4.964     
   4.407        3.050            1.358            1.824            2.584           -2.018            6.425            4.490           -0.083     
   0.882        4.330           -3.448            4.034           -3.152           -3.183            4.065            3.604           -2.722     

Statistical Summary dGs
                     allparams_bound                     gamma_bound                      simple_unbound                      zeta_bound             
Unsigned Error             -0.000                            -0.000                            0.000                             0.000                
RMSD                       4.442                             4.481                             6.595                             4.744                
CV                         4.913                             4.362                             5.208                             4.318                
AIC                        68.661                            64.994                            75.681                            67.163               
dAIC                       3.667                             0.000                             10.687                            2.170                
AICc                      75.661                            67.851                            76.431                            70.020               
dAICc                     7.810                             0.000                             8.580                             2.170                


dG-+
                     allparams_bound                     gamma_bound                      simple_unbound                      zeta_bound             
Ref dG-+       error            result           error            result           error            result           error            result        
  12.476      -15.941           28.417          -20.782           33.258          -23.004           35.480          -22.959           35.436     
  38.480       -2.602           41.082            4.312           34.168            3.115           35.365            3.044           35.436     
  42.352        0.485           41.867            1.458           40.894            8.478           33.874            6.916           35.436     
  47.538       17.751           29.787           14.776           32.763           12.274           35.264           12.103           35.436     
 -10.660      -15.839            5.179          -21.514           10.854          -22.765           12.105          -22.373           11.713     
  15.344       -2.499           17.843            3.580           11.764            3.354           11.990            3.631           11.713     
  19.216        0.587           18.629            0.726           18.490            8.717           10.499            7.503           11.713     
  24.403       17.854            6.549           14.043           10.359           12.513           11.890           12.689           11.713     
 -25.406      -15.438           -9.968          -18.460           -6.946          -22.993           -2.414          -22.385           -3.022     
   0.598       -2.099            2.696            6.634           -6.037            3.126           -2.529            3.619           -3.022     
   4.469        0.988            3.481            3.780            0.690            8.489           -4.020            7.491           -3.022     
   9.656       18.254           -8.598           17.097           -7.442           12.285           -2.629           12.677           -3.022     
 -29.398      -15.914          -13.484          -20.110           -9.288          -23.487           -5.911          -22.827           -6.571     
  -3.394       -2.575           -0.819            4.985           -8.378            2.632           -6.026            3.177           -6.571     
   0.478        0.512           -0.034            2.130           -1.652            7.995           -7.517            7.049           -6.571     
   5.664       17.778          -12.114           15.448           -9.783           11.791           -6.127           12.235           -6.571     
 -33.461      -16.190          -17.271          -22.749          -10.712          -23.850           -9.611          -23.135          -10.326     
  -7.457       -2.851           -4.606            2.346           -9.802            2.269           -9.726            2.869          -10.326     
  -3.585        0.236           -3.821           -0.509           -3.076            7.632          -11.217            6.741          -10.326     
   1.601       17.502          -15.901           12.809          -11.208           11.428           -9.826           11.927          -10.326     

Statistical Summary dG-+
                     allparams_bound                     gamma_bound                      simple_unbound                      zeta_bound             
Unsigned Error             0.000                             0.000                             -0.000                            -0.006               
RMSD                       12.005                            13.030                            13.801                            13.518               
CV                         11.081                            12.143                            12.977                            12.653               
AIC                       111.412                           110.689                           108.989                           112.159               
dAIC                       2.423                             1.701                             0.000                             3.171                
AICc                     117.873                           113.356                           109.695                           114.826               
dAICc                     8.179                             3.662                             0.000                             5.132                
