RESULTS

For the following solvents:
water  MeOH  EtOH  1PrOH  DMSO  DMA  DMF  PC  ACE  BuOH  EG  FA  MeCN  
We considered all the salts that could be formed with the following cations and anions:
Cations: Li  Na  K  Rb  Cs  
Anions: I  

dHs
                     allparams_bound                     gamma_bound                      simple_unbound                      zeta_bound             
Ref dHs        error            result           error            result           error            result           error            result        
 -15.120        1.802          -16.922            1.399          -16.518          -10.041           -5.079            1.330          -16.450     
  -1.800        2.898           -4.697            1.767           -3.567            3.276           -5.076            4.194           -5.994     
   4.859        4.163            0.696            3.760            1.098           10.126           -5.267            3.958            0.901     
   6.561        4.577            1.984            4.336            2.225           11.885           -5.324            3.980            2.581     
   7.918        5.165            2.753            5.399            2.519           13.364           -5.446            3.429            4.489     
 -19.661       -1.304          -18.357            0.368          -20.028          -14.151           -5.509           -0.032          -19.628     
  -7.345       -1.381           -5.963           -0.496           -6.849           -1.856           -5.489            1.828           -9.172     
  -0.232       -0.352            0.120            1.023           -1.254            5.377           -5.609            2.046           -2.277     
   1.924        0.289            1.635            1.746            0.178            7.566           -5.642            2.521           -0.597     
   3.688        0.889            2.799            2.684            1.004            9.410           -5.723            2.377            1.311     
 -20.043       -1.123          -18.920            0.395          -20.438          -14.487           -5.556           -0.170          -19.873     
  -6.532       -0.016           -6.516            0.712           -7.244           -0.997           -5.535            2.885           -9.417     
   0.079        0.446           -0.367            1.641           -1.562            5.727           -5.648            2.601           -2.522     
   3.119        1.951            1.168            3.220           -0.101            8.798           -5.679            3.961           -0.842     
   5.002        2.631            2.371            4.226            0.777           10.758           -5.755            3.936            1.066     
 -20.378       -1.241          -19.137            0.078          -20.456          -14.814           -5.564           -0.300          -20.078     
  -7.058       -0.325           -6.732            0.203           -7.261           -1.516           -5.542            2.564           -9.622     
  -0.375        0.201           -0.576            1.194           -1.569            5.279           -5.654            2.352           -2.727     
   4.022        1.853            2.170            3.243            0.780            9.784           -5.761            3.161            0.861     
 -24.369        2.405          -26.774            0.423          -24.792          -18.332           -6.037           -2.487          -21.882     
 -11.527        2.831          -14.358            0.055          -11.582           -5.512           -6.015           -0.101          -11.426     
  -6.470        1.157           -7.626           -1.355           -5.115           -0.403           -6.067           -1.939           -4.531     
  -5.174        0.740           -5.914           -1.758           -3.416            0.906           -6.080           -2.324           -2.851     
  -2.837        1.514           -4.351           -0.784           -2.053            3.282           -6.119           -1.894           -0.943     
 -11.288        0.579          -11.868           -0.578          -10.711           -5.374           -5.914           -0.425          -10.863     
  -5.872       -0.636           -5.237           -1.494           -4.379            0.104           -5.977           -1.904           -3.968     
  -3.291       -1.235           -2.056           -1.846           -1.445            2.748           -6.039           -2.911           -0.380     
 -24.011       -0.927          -23.084           -0.686          -23.324          -18.141           -5.870           -2.996          -21.015     
 -12.770       -2.116          -10.654           -2.674          -10.096           -6.924           -5.846           -2.212          -10.559     
  -8.047       -3.948           -4.099           -4.181           -3.866           -2.131           -5.916           -4.383           -3.664     
  -6.131       -3.692           -2.439           -3.893           -2.238           -0.196           -5.935           -4.147           -1.984     
  -4.223       -3.233           -0.990           -3.194           -1.029            1.762           -5.986           -4.148           -0.075     
 -14.833        2.333          -17.165            3.289          -18.122           -9.564           -5.268            2.795          -17.627     
  -4.692        0.155           -4.847            0.351           -5.043            0.564           -5.256            2.479           -7.171     
  -0.901       -1.775            0.874           -0.964            0.063            4.512           -5.413           -0.625           -0.276     
   0.227       -2.042            2.269           -1.107            1.334            5.686           -5.459           -1.177            1.404     
   0.963       -2.257            3.220           -0.910            1.873            6.525           -5.562           -2.349            3.312     
 -18.537        1.226          -19.763            2.662          -21.200          -12.903           -5.635            1.478          -20.016     
  -7.297        0.049           -7.346            0.691           -7.988           -1.685           -5.612            2.262           -9.559     
  -1.164       -0.079           -1.085            0.990           -2.154            4.549           -5.713            1.501           -2.665     
   0.347       -0.139            0.486            0.994           -0.647            6.088           -5.741            1.331           -0.984     
   1.704       -0.049            1.753            1.386            0.318            7.515           -5.811            0.780            0.924     
 -20.449       -3.080          -17.369           -5.281          -15.168          -15.534           -4.915           -5.115          -15.334     
  -6.747       -1.497           -5.250           -4.389           -2.358           -1.824           -4.924           -1.869           -4.878     
  -2.837       -2.673           -0.164           -4.730            1.893            2.310           -5.147           -4.854            2.017     
  -1.542       -2.562            1.021           -4.422            2.880            3.673           -5.214           -5.238            3.697     
  -0.543       -2.168            1.625           -3.494            2.952            4.810           -5.353           -6.148            5.605     

Statistical Summary dHs
                     allparams_bound                     gamma_bound                      simple_unbound                      zeta_bound             
Unsigned Error             -0.000                            0.000                             -0.000                            -0.000               
RMSD                       2.130                             2.573                             8.317                             2.921                
CV                         1.965                             2.264                             6.941                             2.748                
AIC                        83.091                            96.851                           203.120                           108.756               
dAIC                       0.000                             13.761                           120.029                            25.665               
AICc                      85.191                            97.804                           203.393                           109.708               
dAICc                     0.000                             12.613                           118.202                            24.518               


dH-+
                     allparams_bound                     gamma_bound                      simple_unbound                      zeta_bound             
Ref dH-+       error            result           error            result           error            result           error            result        
  57.361       -0.231           57.593            0.063           57.299            1.400           55.961            0.450           56.912     
  29.876        0.022           29.854            1.075           28.801            2.682           27.193            1.881           27.995     
  10.277       -1.211           11.488           -0.482           10.759            0.767            9.511            0.057           10.221     
   4.063       -3.352            7.415           -2.485            6.548           -1.208            5.271           -1.896            5.959     
  -1.912       -4.996            3.084           -4.008            2.096           -2.745            0.833           -3.410            1.498     
  61.855        1.851           60.004            1.538           60.317            1.234           60.620            1.158           60.697     
  35.373        3.354           32.019            3.712           31.661            3.637           31.735            3.711           31.662     
  15.320        2.672           12.648            2.348           12.972            1.745           13.576            1.912           13.409     
   8.652        0.407            8.245            0.104            8.548           -0.527            9.179           -0.338            8.990     
   2.271       -1.069            3.339           -1.456            3.726           -2.197            4.468           -1.983            4.254     
  62.094        1.764           60.330            1.410           60.684            1.023           61.071            1.014           61.080     
  34.417        2.087           32.330            2.399           32.018            2.238           32.179            2.378           32.039     
  14.866        2.002           12.864            1.598           13.268            0.893           13.974            1.127           13.739     
   7.314       -1.116            8.430           -1.511            8.825           -2.249            9.563           -1.992            9.306     
   0.813       -2.655            3.468           -3.153            3.966           -4.012            4.825           -3.731            4.543     
  60.899        0.889           60.010            0.350           60.549           -0.337           61.236           -0.289           61.188     
  33.413        1.404           32.009            1.531           31.882            1.070           32.343            1.267           32.146     
  13.791        1.258           12.533            0.664           13.126           -0.343           14.133           -0.051           13.842     
   0.263       -2.863            3.125           -3.554            3.817           -4.716            4.979           -4.377            4.640     
  61.401       -2.529           63.930           -3.190           64.591           -4.009           65.410           -3.474           64.874     
  34.393       -1.519           35.912           -1.520           35.913           -2.117           36.509           -1.431           35.824     
  16.396        0.797           15.598           -0.222           16.618           -1.506           17.902           -0.724           17.120     
  10.588       -0.319           10.907           -1.420           12.008           -2.781           13.369           -1.976           12.564     
   3.633       -1.787            5.420           -3.179            6.812           -4.748            8.381           -3.917            7.550     
  39.030        3.303           35.727            3.646           35.383            3.509           35.520            4.041           34.989     
  20.674        5.115           15.559            4.492           16.182            3.692           16.982            4.319           16.355     
   8.963        3.443            5.519            2.497            6.466            1.435            7.527            2.111            6.851     
  60.612       -2.717           63.329           -2.948           63.560           -3.192           63.803           -2.893           63.504     
  35.206       -0.085           35.291            0.336           34.869            0.312           34.894            0.761           34.445     
  17.543        2.309           15.234            1.804           15.739            1.135           16.408            1.680           15.864     
  11.114        0.496           10.618           -0.065           11.179           -0.797           11.911           -0.229           11.343     
   4.589       -0.709            5.298           -1.501            6.090           -2.414            7.003           -1.821            6.410     
  56.310       -2.927           59.237           -2.625           58.935           -1.579           57.888           -2.206           58.516     
  32.003        0.641           31.362            1.654           30.349            2.947           29.056            2.469           29.534     
  15.272        2.754           12.519            3.272           12.000            4.126           11.147            3.740           11.532     
   9.632        1.343            8.289            1.944            7.688            2.799            6.833            2.436            7.196     
   4.278        0.584            3.694            1.212            3.066            2.009            2.269            1.670            2.609     
  56.668       -4.767           61.435           -4.921           61.589           -5.006           61.674           -4.978           61.647     
  31.262       -2.154           33.416           -1.649           32.911           -1.511           32.773           -1.334           32.596     
  12.189       -1.597           13.787           -1.867           14.056           -2.301           14.491           -2.030           14.219     
   6.166       -3.136            9.302           -3.414            9.580           -3.889           10.056           -3.595            9.761     
   0.191       -4.055            4.246           -4.469            4.661           -5.082            5.273           -4.762            4.953     
  58.246        2.104           56.142            2.372           55.874            4.003           54.243            2.746           55.500     
  30.378        1.821           28.557            2.903           27.475            4.829           25.548            3.721           26.657     
  13.528        2.890           10.638            3.807            9.721            5.450            8.078            4.432            9.096     
   7.720        1.005            6.714            2.113            5.607            3.810            3.910            2.814            4.906     
   2.103       -0.521            2.625            0.794            1.309            2.517           -0.414            1.544            0.560     

Statistical Summary dH-+
                     allparams_bound                     gamma_bound                      simple_unbound                      zeta_bound             
Unsigned Error             0.000                             -0.000                            0.000                             -0.002               
RMSD                       2.354                             2.464                             2.903                             2.643                
CV                         2.163                             2.268                             2.637                             2.378                
AIC                        92.477                            92.781                           104.167                            99.347               
dAIC                       0.000                             0.304                             11.690                            6.870                
AICc                      94.577                            93.734                           104.439                           100.299               
dAICc                     0.843                             0.000                             10.706                            6.565                
