RESULTS

For the following solvents:
EtOH  
We considered all the salts that could be formed with the following cations and anions:
Cations: Li  Na  K  Rb  Cs  
Anions: Cl  Br  I  

dGs
                     allparams_bound                     gamma_bound                      simple_unbound                      zeta_bound             
Ref dGs        error            result           error            result           error            result           error            result        
  -2.297        2.721           -5.017            2.216           -4.513           -5.583            3.286            2.483           -4.780     
  -6.207        0.331           -6.538           -0.455           -5.752           -9.116            2.909            0.275           -6.482     
 -12.000       -3.090           -8.911           -3.255           -8.746          -15.415            3.414           -3.190           -8.811     
   6.263        1.013            5.250            2.004            4.259            3.009            3.254            1.293            4.970     
   4.071       -0.194            4.265            0.719            3.352            1.224            2.847            0.072            3.999     
   0.356       -0.740            1.096            0.492           -0.136           -3.040            3.397           -0.228            0.584     
   7.254       -0.490            7.744           -0.478            7.732            3.893            3.360           -0.755            8.009     
   6.652        0.044            6.608           -0.080            6.732            3.690            2.962           -0.180            6.832     
   4.647        0.858            3.789            1.186            3.461            1.155            3.492            0.752            3.894     
   7.051       -1.493            8.543           -1.590            8.641            3.663            3.388           -1.650            8.701     
   7.039       -0.406            7.445           -0.625            7.664            4.052            2.987           -0.536            7.575     
   5.712        1.103            4.609            1.330            4.382            2.194            3.518            1.098            4.614     
   6.618       -1.751            8.370           -2.418            9.036            3.156            3.462           -1.741            8.359     
   7.299        0.226            7.074           -0.637            7.936            4.227            3.072            0.336            6.963     
   6.475        1.869            4.606            1.592            4.883            2.892            3.583            1.970            4.505     

Statistical Summary dGs
                     allparams_bound                     gamma_bound                      simple_unbound                      zeta_bound             
Unsigned Error             -0.000                            0.000                             0.000                             0.000                
RMSD                       1.411                             1.541                             5.613                             1.427                
CV                         1.848                             1.842                             5.081                             1.606                
AIC                        22.333                            20.965                            55.754                            18.673               
dAIC                       3.660                             2.292                             37.081                            0.000                
AICc                      32.833                            24.965                            56.754                            22.673               
dAICc                     10.160                            2.292                             34.081                            0.000                


dG-+
                     allparams_bound                     gamma_bound                      simple_unbound                      zeta_bound             
Ref dG-+       error            result           error            result           error            result           error            result        
  37.046       -7.080           44.126           -7.025           44.071           -7.640           44.686           -7.165           44.211     
  42.949       -0.172           43.121           -0.227           43.177           -0.193           43.142           -1.149           44.098     
  50.837        6.709           44.128            6.765           44.071            6.277           44.560            6.635           44.202     
  10.612       -6.941           17.553           -6.950           17.562           -6.315           16.927           -5.807           16.419     
  16.515       -0.033           16.548           -0.153           16.668            1.133           15.383            0.209           16.307     
  24.403        6.848           17.554            6.840           17.563            7.602           16.800            7.993           16.410     
  -6.477       -5.552           -0.925           -5.506           -0.972           -5.912           -0.565           -5.384           -1.093     
  -0.574        1.356           -1.930            1.292           -1.866            1.536           -2.109            0.632           -1.206     
   7.314        8.237           -0.923            8.285           -0.971            8.005           -0.692            8.416           -1.102     
 -12.261       -7.128           -5.133           -7.084           -5.177           -7.458           -4.803           -6.925           -5.336     
  -6.358       -0.219           -6.138           -0.286           -6.071           -0.010           -6.347           -0.909           -5.448     
   1.530        6.662           -5.132            6.706           -5.176            6.459           -4.930            6.875           -5.345     
 -17.639       -7.796           -9.843           -7.748           -9.891           -8.283           -9.356           -7.745           -9.894     
 -11.735       -0.887          -10.848           -0.950          -10.785           -0.835          -10.900           -1.729          -10.006     
  -3.848        5.993           -9.841            6.042           -9.890            5.634           -9.482            6.055           -9.903     

Statistical Summary dG-+
                     allparams_bound                     gamma_bound                      simple_unbound                      zeta_bound             
Unsigned Error             -0.004                            0.000                             0.000                             0.000                
RMSD                       5.677                             5.678                             5.754                             5.717                
CV                         6.165                             6.030                             5.678                             5.895                
AIC                        64.094                            60.097                            56.494                            60.302               
dAIC                       7.600                             3.603                             0.000                             3.808                
AICc                      74.594                            64.097                            57.494                            64.302               
dAICc                     17.100                            6.603                             0.000                             6.808                
