RESULTS

For the following solvents:
water  MeOH  EtOH  1PrOH  DMSO  DMA  DMF  PC  ACE  BuOH  EG  FA  MeCN  
We considered all the salts that could be formed with the following cations and anions:
Cations: Li  
Anions: F  Cl  Br  I  

dGs
                     allparams_bound                     gamma_bound                      simple_unbound                      zeta_bound             
Ref dGs        error            result           error            result           error            result           error            result        
   3.779       -4.980            8.758           -3.601            7.379            5.948           -2.169            6.408           -2.629     
  -9.610      -17.038            7.427          -15.907            6.296           -7.661           -1.949           -6.815           -2.795     
 -13.210       -8.525           -4.684          -10.255           -2.954          -13.637            0.427           -8.781           -4.429     
 -17.808       -7.941           -9.868           -6.080          -11.728          -14.969           -2.839          -16.070           -1.738     
   9.300        6.002            3.298            6.877            2.422           14.046           -4.746           13.271           -3.972     
  -5.739       -7.847            2.109           -7.225            1.486           -1.237           -4.501           -1.558           -4.181     
  -9.840       -1.283           -8.556           -3.570           -6.270           -7.974           -1.866           -3.583           -6.257     
 -15.347       -0.095          -15.252            1.260          -16.607           -9.944           -5.403          -12.243           -3.104     
  12.550        9.674            2.877           10.490            2.061           17.578           -5.027           16.624           -4.074     
  -2.297       -3.996            1.700           -3.434            1.137            2.483           -4.780            1.990           -4.287     
  -6.207        2.640           -8.847            0.290           -6.497           -4.083           -2.124            0.192           -6.399     
 -12.000        3.663          -15.663            4.957          -16.958           -6.318           -5.682           -8.792           -3.209     
  -0.767       -1.616            0.848           -1.032            0.265            4.057           -4.824            3.608           -4.375     
  -5.323        4.220           -9.542            1.884           -7.207           -3.183           -2.140            1.213           -6.535     
 -10.638        5.878          -16.516            7.193          -17.831           -4.912           -5.726           -7.341           -3.297     
  -4.448       -2.374           -2.074           -2.436           -2.012            3.199           -7.647            0.699           -5.147     
 -11.537       -0.012          -11.525           -3.025           -8.512           -6.743           -4.794           -3.942           -7.595     
 -18.573        0.854          -19.428            1.524          -20.097          -10.026           -8.547          -14.501           -4.072     
  -1.747       -1.602           -0.145           -1.581           -0.166            5.303           -7.051            3.161           -4.908     
  -7.952        2.068          -10.020           -0.847           -7.105           -3.678           -4.274           -0.725           -7.226     
 -18.047       -0.540          -17.508            0.213          -18.260          -10.095           -7.953          -14.217           -3.830     
  10.614        8.924            1.690            9.281            1.333           17.518           -6.903           15.162           -4.548     
  -3.420       -3.989            0.569           -3.888            0.468            3.226           -6.646            1.357           -4.778     
  -9.912       -0.421           -9.490           -3.249           -6.662           -6.009           -3.902           -2.872           -7.039     
 -18.286       -1.491          -16.795           -0.657          -17.629          -10.738           -7.548          -14.587           -3.700     
  22.851       15.161            7.690           16.267            6.584           26.153           -3.301           25.982           -3.131     
   5.590       -0.811            6.402            0.045            5.545            8.664           -3.073            8.900           -3.310     
  -0.351        4.949           -5.301            2.931           -3.282            0.273           -0.624            4.717           -5.068     
  -8.846        2.076          -10.921            3.663          -12.508           -4.877           -3.969           -6.601           -2.244     
   6.403       -1.180            7.583           -1.207            7.610           12.550           -6.147           10.397           -3.994     
  -0.782        3.134           -3.915            0.225           -1.007            2.879           -3.661            5.034           -5.815     
  -9.443        0.317           -9.760            1.020          -10.464           -2.398           -7.045           -6.521           -2.923     
   8.344        4.858            3.486            5.668            2.676           13.308           -4.965           12.349           -4.005     
  -6.814       -9.112            2.298           -8.556            1.741           -2.095           -4.719           -2.599           -4.215     
 -10.844       -2.479           -8.365           -4.832           -6.012           -8.760           -2.083           -4.552           -6.292     
 -15.992       -0.929          -15.063            0.360          -16.352          -10.371           -5.621          -12.854           -3.138     
   7.364        3.997            3.367            4.668            2.696           12.859           -5.495           11.498           -4.134     
  -8.726      -10.918            2.192          -10.501            1.775           -3.479           -5.247           -4.378           -4.348     
 -13.043       -4.675           -8.367           -7.171           -5.872          -10.449           -2.593           -6.586           -6.457     
 -18.454       -3.283          -15.171           -2.133          -16.320          -12.304           -6.149          -15.183           -3.270     
  21.824       12.249            9.575           13.870            7.954           23.018           -1.195           23.976           -2.152     
   7.263       -0.944            8.207            0.430            6.833            8.245           -0.981            9.570           -2.307     
   1.083        5.342           -4.259            3.867           -2.784           -0.249            1.332            4.914           -3.831     
  -6.981        2.076           -9.058            4.179          -11.160           -5.116           -1.866           -5.722           -1.259     

Statistical Summary dGs
                     allparams_bound                     gamma_bound                      simple_unbound                      zeta_bound             
Unsigned Error             -0.001                            -0.024                            0.000                             -0.000               
RMSD                       5.997                             6.195                             10.044                            10.193               
CV                         4.962                             4.977                             8.628                             8.645                
AIC                       169.628                           168.491                           207.012                           212.312               
dAIC                       1.137                             0.000                             38.521                            43.821               
AICc                     171.898                           169.516                           207.304                           213.338               
dAICc                     2.382                             0.000                             37.788                            43.821               


dG-+
                     allparams_bound                     gamma_bound                      simple_unbound                      zeta_bound             
Ref dG-+       error            result           error            result           error            result           error            result        
   4.780      -27.201           31.981          -26.645           31.425          -29.778           34.559          -31.716           36.496     
  34.656        2.141           32.515            2.591           32.064            0.313           34.343           -1.840           36.496     
  40.870        5.850           35.020            7.053           33.817            9.274           31.596            4.374           36.496     
  49.952       18.139           31.813           18.646           31.306           15.778           34.174           13.456           36.496     
   8.867      -25.227           34.094          -27.249           36.117          -32.333           41.200          -31.473           40.340     
  37.094        2.140           34.954           -0.169           37.263           -3.932           41.026           -3.246           40.340     
  42.806        2.021           40.785           -1.379           44.185            4.113           38.693            2.466           40.340     
  50.980       16.880           34.100           14.711           36.269           10.142           40.838           10.640           40.340     
   8.628      -26.396           35.024          -28.157           36.786          -33.213           41.841          -32.101           40.729     
  37.046        1.134           35.912           -0.930           37.976           -4.624           41.670           -3.683           40.729     
  42.949        0.934           42.016           -2.373           45.322            3.578           39.372            2.220           40.729     
  50.837       15.783           35.053           13.862           36.975            9.355           41.482           10.107           40.729     
  38.241        2.722           35.519            0.821           37.420           -3.666           41.906           -2.598           40.839     
  43.499        1.517           41.982           -1.825           45.324            3.846           39.653            2.660           40.839     
  51.864       17.207           34.658           15.451           36.413           10.147           41.718           11.025           40.839     
  48.088       -4.411           52.499            1.515           46.573            0.214           47.874            3.506           44.582     
  50.813      -10.311           61.124           -7.025           57.838            4.923           45.889            6.230           44.582     
  57.457        5.794           51.663           11.851           45.606            9.769           47.688           12.875           44.582     
  53.035        3.853           49.183            7.217           45.818            6.564           46.471            9.294           43.741     
  56.644       -0.188           56.833            1.077           55.567           12.279           44.366           12.903           43.741     
  60.230       11.904           48.325           15.411           44.819           13.946           46.283           16.488           43.741     
  22.323      -23.244           45.567          -20.973           43.296          -23.411           45.734          -20.868           43.191     
  51.554        4.970           46.584            6.867           44.687            5.974           45.579            8.362           43.191     
  54.876        1.068           53.808            1.102           53.774           11.455           43.420           11.685           43.191     
  60.182       14.460           45.722           16.502           43.680           14.791           45.391           16.990           43.191     
  12.476      -19.905           32.382          -21.887           34.363          -24.835           37.311          -25.649           38.125     
  38.480        5.467           33.013            3.325           35.154            1.373           37.107            0.355           38.125     
  42.352        5.892           36.460            3.981           38.371            7.874           34.478            4.226           38.125     
  47.538       15.292           32.246           13.243           34.296           10.608           36.931            9.413           38.125     
  45.889       -2.175           48.064           -2.375           48.264            2.577           43.313            3.792           42.097     
  48.518       -3.462           51.980           -3.691           52.209            7.777           40.741            6.421           42.097     
  53.537        6.285           47.252            6.202           47.336           10.407           43.130           11.440           42.097     
   7.768      -27.407           35.175          -29.316           37.084          -33.845           41.613          -32.844           40.612     
  35.875       -0.164           36.039           -2.362           38.236           -5.564           41.439           -4.737           40.612     
  41.659       -0.217           41.875           -3.509           45.167            2.552           39.107            1.047           40.612     
  50.191       15.007           35.184           12.950           37.242            8.940           41.251            9.579           40.612     
  13.145      -24.592           37.737          -25.874           39.019          -29.559           42.704          -28.159           41.305     
  40.320        1.690           38.630            0.103           40.217           -2.213           42.534           -0.984           41.305     
  45.817        1.113           44.705           -1.700           47.517            5.586           40.231            4.513           41.305     
  54.087       16.316           37.771           14.872           39.215           11.742           42.345           12.782           41.305     
   9.202      -24.317           33.519          -19.887           29.089          -22.901           32.103          -25.861           35.062     
  37.906        3.938           33.968            8.309           29.598            6.029           31.877            2.844           35.062     
  41.539        5.881           35.658           11.456           30.084           12.511           29.029            6.477           35.062     
  47.156       13.820           33.336           18.208           28.948           15.439           31.717           12.093           35.062     

Statistical Summary dG-+
                     allparams_bound                     gamma_bound                      simple_unbound                      zeta_bound             
Unsigned Error             -0.000                            0.000                             0.000                             -5.493               
RMSD                       13.329                            13.616                            14.644                            14.520               
CV                         10.984                            11.221                            11.916                            11.417               
AIC                       239.917                           237.790                           240.193                           243.446               
dAIC                       2.127                             0.000                             2.403                             5.656                
AICc                     242.187                           238.816                           240.485                           244.471               
dAICc                     3.372                             0.000                             1.670                             5.656                
