RESULTS

For the following solvents:
water  MeOH  EtOH  1PrOH  DMSO  DMA  DMF  PC  ACE  BuOH  EG  FA  MeCN  
We considered all the salts that could be formed with the following cations and anions:
Cations: Li  
Anions: F  Cl  Br  I  

dHs
                     allparams_bound                     gamma_bound                      simple_unbound                      zeta_bound             
Ref dHs        error            result           error            result           error            result           error            result        
   1.159        3.608           -2.449            4.210           -3.051           12.362          -11.203            6.177           -5.018     
  -8.850       -5.426           -3.424           -4.953           -3.897            2.218          -11.068           -3.253           -5.597     
 -11.670        0.483          -12.153           -0.525          -11.145           -2.058           -9.612            4.526          -16.196     
 -15.120        1.866          -16.985            2.553          -17.672           -3.506          -11.613           -1.113          -14.007     
   0.394        6.530           -6.136            6.992           -6.598           13.176          -12.781            6.774           -6.380     
 -11.479       -4.479           -7.001           -4.146           -7.334            1.152          -12.631           -5.130           -6.349     
 -14.897       -0.290          -14.607           -1.433          -13.464           -3.880          -11.017           -4.169          -10.728     
 -19.661        0.953          -20.613            1.500          -21.160           -6.477          -13.183           -4.618          -15.043     
 -11.240       -3.999           -7.242           -3.678           -7.562            1.561          -12.802           -4.327           -6.913     
 -15.207       -0.452          -14.755           -1.607          -13.600           -4.033          -11.175           -4.426          -10.781     
 -20.043        0.812          -20.855            1.347          -21.390           -6.689          -13.354           -4.428          -15.615     
 -11.503       -3.549           -7.954           -3.239           -8.264            1.325          -12.829           -5.257           -6.246     
 -14.658        0.689          -15.347           -0.476          -14.182           -3.473          -11.185           -5.215           -9.443     
 -20.378        1.192          -21.569            1.716          -22.093           -6.996          -13.382           -5.423          -14.954     
 -10.715       -1.397           -9.318           -1.190           -9.525            3.843          -14.558            4.381          -15.096     
 -17.191       -1.211          -15.980           -2.476          -14.715           -4.381          -12.811           -2.943          -14.249     
 -24.369       -1.445          -22.924           -1.024          -23.345           -9.260          -15.109           -0.612          -23.757     
  -3.549        3.099           -6.649            3.488           -7.037           10.553          -14.103            9.741          -13.290     
  -9.806       -2.346           -7.460           -2.086           -7.720            4.138          -13.945            3.158          -12.964     
 -16.426       -1.831          -14.596           -3.045          -13.381           -4.162          -12.264           -1.689          -14.738     
 -24.011       -2.935          -21.076           -2.461          -21.549           -9.513          -14.498           -2.337          -21.674     
  -1.919        1.956           -3.875            2.381           -4.300            9.837          -11.757            5.020           -6.939     
  -7.368        4.918          -12.286            3.863          -11.231            2.888          -10.256            8.410          -15.778     
 -14.833        2.625          -17.458            3.264          -18.097           -2.528          -12.305            0.638          -15.470     
   5.390       11.169           -5.779           11.611           -6.222           18.630          -13.240           14.561           -9.172     
 -11.025       -4.393           -6.633           -4.079           -6.946            2.063          -13.088           -1.947           -9.078     
 -13.319        0.837          -14.156           -0.325          -12.994           -1.857          -11.462           -0.317          -13.002     
 -18.537        1.710          -20.247            2.237          -20.774           -4.897          -13.641           -0.756          -17.781     
  -7.177       -4.060           -3.117           -3.545           -3.632            3.298          -10.475           -2.258           -4.919     
 -12.961       -0.839          -12.121           -1.807          -11.154           -3.903           -9.058            4.083          -17.043     
 -20.449       -3.795          -16.655           -3.065          -17.384           -9.433          -11.017           -7.250          -13.199     

Statistical Summary dHs
                     allparams_bound                     gamma_bound                      simple_unbound                      zeta_bound             
Unsigned Error             -0.000                            -0.000                            -0.000                            -0.000               
RMSD                       3.538                             3.612                             6.942                             5.243                
CV                         3.114                             3.132                             6.011                             4.963                
AIC                        90.334                            87.629                           124.127                           110.725               
dAIC                       2.705                             0.000                             36.498                            23.097               
AICc                      93.834                            89.167                           124.555                           112.264               
dAICc                     4.666                             0.000                             35.388                            23.097               


dH-+
                     allparams_bound                     gamma_bound                      simple_unbound                      zeta_bound             
Ref dH-+       error            result           error            result           error            result           error            result        
   5.019      -39.549           44.568          -40.019           45.038          -41.412           46.431          -40.113           45.132     
  39.197       -5.801           44.998           -6.310           45.507           -7.221           46.418           -5.935           45.132     
  46.606       -0.123           46.729            0.254           46.353            0.347           46.259            1.474           45.132     
  57.361       12.907           44.455           12.390           44.972           10.953           46.409           12.229           45.132     
  13.289      -31.636           44.925          -30.810           44.099          -33.527           46.816          -33.547           46.836     
  45.602       -0.043           45.645            0.622           44.980           -1.203           46.806           -1.233           46.836     
  52.414        2.080           50.334            2.382           50.032            5.744           46.670            5.578           46.836     
  61.855       16.888           44.967           17.602           44.253           15.060           46.795           15.019           46.836     
  46.463        0.736           45.727            1.406           45.057           -0.380           46.843           -0.545           47.008     
  52.725        2.067           50.658            2.270           50.454            6.015           46.710            5.717           47.008     
  62.094       17.050           45.044           17.770           44.324           15.262           46.832           15.086           47.008     
  45.339       -0.042           45.382            0.764           44.575           -1.517           46.857           -1.717           47.057     
  52.414        1.782           50.632            1.988           50.426            5.688           46.726            5.357           47.057     
  60.899       16.203           44.696           17.061           43.838           14.053           46.846           13.842           47.057     
  50.621        4.077           46.545            3.564           47.058            3.419           47.202            1.906           48.716     
  54.374        0.655           53.718           -1.269           55.643            7.287           47.087            5.658           48.716     
  61.401       15.519           45.881           15.048           46.353           14.209           47.192           12.685           48.716     
  12.452      -33.664           46.116          -33.601           46.053          -34.626           47.078          -35.647           48.099     
  50.382        3.406           46.977            3.249           47.133            3.313           47.069            2.283           48.099     
  53.991        1.087           52.904            0.044           53.947            7.047           46.944            5.892           48.099     
  60.612       14.322           46.290           14.216           46.395           13.554           47.058           12.513           48.099     
  44.790       -1.075           45.864           -1.017           45.807           -1.789           46.579           -1.064           45.854     
  49.570        1.137           48.433            1.727           47.843            3.144           46.426            3.716           45.854     
  56.310       11.047           45.263           11.120           45.190            9.741           46.568           10.456           45.854     
  11.974      -33.666           45.640          -33.074           45.048          -34.929           46.903          -35.289           47.263     
  39.747       -6.644           46.391           -6.225           45.972           -7.146           46.893           -7.516           47.263     
  47.682       -3.614           51.296           -3.649           51.331            0.922           46.760            0.419           47.263     
  56.668       10.961           45.707           11.430           45.238            9.786           46.882            9.405           47.263     
  47.084        2.938           44.146            1.610           45.475            0.809           46.276            2.588           44.497     
  51.530        6.378           45.152            6.240           45.289            5.419           46.111            7.033           44.497     
  58.246       14.581           43.664           13.218           45.027           11.979           46.266           13.749           44.497     

Statistical Summary dH-+
                     allparams_bound                     gamma_bound                      simple_unbound                      zeta_bound             
Unsigned Error             -0.037                            0.000                             0.000                             -0.002               
RMSD                       14.943                            14.899                            15.169                            15.120               
CV                         11.261                            11.147                            11.263                            11.187               
AIC                       179.663                           175.481                           172.594                           176.393               
dAIC                       7.070                             2.887                             0.000                             3.800                
AICc                     183.163                           177.019                           173.022                           177.932               
dAICc                     10.141                            3.997                             0.000                             4.909                
