RESULTS

For the following solvents:
EtOH  
We considered all the salts that could be formed with the following cations and anions:
Cations: Li  Na  K  Rb  Cs  
Anions: F  Cl  Br  I  

dGs
                     allparams_bound                     gamma_bound                      simple_unbound                      zeta_bound             
Ref dGs        error            result           error            result           error            result           error            result        
  12.550       12.566           -0.016           11.983            0.567            8.556            3.994           12.615           -0.064     
  -2.297       -2.186           -0.111           -2.614            0.317           -6.272            3.976           -2.231           -0.066     
  -6.207       -3.349           -2.858           -4.494           -1.713           -9.987            3.780           -3.294           -2.913     
 -12.000       -6.899           -5.101           -6.943           -5.058          -16.042            4.042           -6.953           -5.048     
  10.544        3.305            7.239            4.316            6.227            6.566            3.978            3.407            7.137     
   6.263       -0.933            7.196            0.261            6.002            2.304            3.959           -0.931            7.194     
   4.071       -1.165            5.236           -0.284            4.355            0.323            3.748           -1.168            5.239     
   0.356       -1.467            1.823           -0.086            0.442           -3.676            4.033           -1.423            1.779     
   4.180       -3.748            7.929           -3.624            7.805            0.148            4.033           -3.775            7.956     
   7.254       -0.602            7.856           -0.311            7.565            3.240            4.014           -0.726            7.980     
   6.652        0.977            5.674            0.841            5.810            2.844            3.808            0.879            5.773     
   4.647        1.872            2.775            2.500            2.147            0.565            4.082            1.752            2.895     
   7.051       -1.000            8.051           -0.924            7.975            3.023            4.028           -1.065            8.116     
   7.039        1.115            5.924            0.792            6.247            3.218            3.821            1.067            5.972     
   5.712        2.713            3.000            3.141            2.571            1.617            4.096            2.647            3.066     
  -0.672       -7.783            7.111           -8.719            8.047           -4.756            4.085           -7.619            6.948     
   6.618       -0.390            7.009           -1.175            7.793            2.552            4.066           -0.319            6.937     
   7.299        2.708            4.591            1.375            5.924            3.434            3.865            2.835            4.464     
   6.475        4.266            2.208            3.963            2.511            2.346            4.129            4.304            2.171     

Statistical Summary dGs
                     allparams_bound                     gamma_bound                      simple_unbound                      zeta_bound             
Unsigned Error             -0.000                            -0.000                            0.000                             0.000                
RMSD                       4.301                             4.378                             5.709                             4.303                
CV                         4.602                             4.055                             4.765                             4.110                
AIC                        67.439                            64.109                            70.194                            63.452               
dAIC                       3.987                             0.657                             6.742                             0.000                
AICc                      74.439                            66.967                            70.944                            66.309               
dAICc                     8.130                             0.657                             4.635                             0.000                


dG-+
                     allparams_bound                     gamma_bound                      simple_unbound                      zeta_bound             
Ref dG-+       error            result           error            result           error            result           error            result        
   8.628       -7.084           15.712          -22.864           31.493          -26.859           35.487          -26.797           35.426     
  37.046      -10.394           47.440            4.180           32.866            1.673           35.373            1.620           35.426     
  42.949        0.315           42.634            1.225           41.724            9.103           33.846            7.524           35.426     
  50.837       16.431           34.405           19.188           31.648           15.588           35.248           15.411           35.426     
 -17.806       -6.940          -10.866          -25.509            7.703          -25.844            8.038          -25.442            7.636     
  10.612      -10.250           20.862            1.536            9.076            2.688            7.924            2.976            7.636     
  16.515        0.460           16.056           -1.419           17.934           10.118            6.397            8.880            7.636     
  24.403       16.576            7.827           16.544            7.858           16.603            7.799           16.767            7.636     
 -34.895       -5.554          -29.340          -19.543          -15.352          -25.637           -9.258          -25.020           -9.875     
  -6.477       -8.865            2.387            7.502          -13.979            2.895           -9.372            3.398           -9.875     
  -0.574        1.845           -2.418            4.546           -5.120           10.325          -10.899            9.302           -9.875     
   7.314       17.961          -10.647           22.509          -15.196           16.811           -9.497           17.189           -9.875     
 -40.679       -7.129          -33.549          -22.459          -18.219          -27.230          -13.449          -26.561          -14.118     
 -12.261      -10.440           -1.821            4.585          -16.846            1.301          -13.562            1.857          -14.118     
  -6.358        0.270           -6.627            1.630           -7.988            8.732          -15.089            7.760          -14.118     
   1.530       16.386          -14.856           19.593          -18.064           15.217          -13.688           15.648          -14.118     
 -46.056       -7.798          -38.259          -26.108          -19.948          -28.106          -17.950          -27.381          -18.675     
 -17.639      -11.108           -6.531            0.937          -18.575            0.425          -18.064            1.037          -18.675     
 -11.735       -0.399          -11.337           -2.019           -9.717            7.856          -19.591            6.940          -18.675     
  -3.848       15.718          -19.566           15.945          -19.793           14.341          -18.189           14.827          -18.675     

Statistical Summary dG-+
                     allparams_bound                     gamma_bound                      simple_unbound                      zeta_bound             
Unsigned Error             0.001                             0.000                             0.000                             -0.065               
RMSD                       10.372                            15.260                            16.227                            15.943               
CV                         10.531                            13.995                            14.860                            14.528               
AIC                       105.566                           117.008                           115.468                           118.760               
dAIC                       0.000                             11.443                            9.902                             13.194               
AICc                     112.027                           119.675                           116.174                           121.426               
dAICc                     0.000                             7.648                             4.147                             9.399                
