RESULTS

For the following solvents:
EtOH  
We considered all the salts that could be formed with the following cations and anions:
Cations: Li  Na  K  Rb  Cs  
Anions: F  Cl  Br  I  

dHs
                     allparams_bound                     gamma_bound                      simple_unbound                      zeta_bound             
Ref dHs        error            result           error            result           error            result           error            result        
 -11.240        2.894          -14.135            2.863          -14.103           -9.263           -1.978            3.132          -14.372     
 -15.207        0.202          -15.409            0.167          -15.375          -11.303           -3.904            0.432          -15.639     
 -20.043       -3.012          -17.031           -3.028          -17.015          -18.720           -1.323           -3.145          -16.898     
  -1.271        1.236           -2.506            1.296           -2.566            0.872           -2.143            1.262           -2.533     
  -3.490        0.101           -3.591            0.156           -3.646            0.732           -4.222           -0.146           -3.345     
  -6.532       -1.037           -5.495           -0.961           -5.571           -5.118           -1.414           -1.253           -5.279     
   1.868       -1.096            2.965           -1.106            2.975            3.467           -1.599           -1.127            2.996     
   1.357       -0.469            1.826           -0.484            1.841            4.992           -3.635           -0.698            2.055     
   0.079        0.032            0.046            0.038            0.041            1.006           -0.927           -0.339            0.418     
   3.162       -1.256            4.418           -1.266            4.428            4.620           -1.458           -1.145            4.307     
   3.174       -0.119            3.293           -0.133            3.307            6.679           -3.505           -0.225            3.399     
   3.119        1.612            1.507            1.618            1.501            3.911           -0.792            1.372            1.747     
   3.826       -1.722            5.548           -1.749            5.576            4.906           -1.080           -1.214            5.041     
   4.682        0.329            4.353            0.298            4.385            7.753           -3.071            0.718            3.965     
   5.002        2.305            2.698            2.292            2.710            5.465           -0.462            2.377            2.625     

Statistical Summary dHs
                     allparams_bound                     gamma_bound                      simple_unbound                      zeta_bound             
Unsigned Error             -0.000                            0.000                             -0.000                            -0.000               
RMSD                       1.508                             1.508                             7.415                             1.546                
CV                         1.852                             1.655                             6.811                             1.795                
AIC                        24.318                            20.326                            64.105                            21.061               
dAIC                       3.992                             0.000                             43.779                            0.734                
AICc                      34.818                            24.326                            65.105                            25.061               
dAICc                     10.492                            0.000                             40.779                            0.734                


dH-+
                     allparams_bound                     gamma_bound                      simple_unbound                      zeta_bound             
Ref dH-+       error            result           error            result           error            result           error            result        
  46.463       -8.381           54.844           -8.355           54.818           -9.173           55.636           -8.791           55.254     
  52.725       -0.551           53.275           -0.581           53.305           -1.186           53.911           -1.956           54.681     
  62.094        7.248           54.846            7.274           54.820            6.599           55.495            6.887           55.207     
  18.786       -7.423           26.209           -7.425           26.211           -5.837           24.623           -5.429           24.215     
  25.048        0.407           24.641            0.350           24.698            2.150           22.898            1.406           23.642     
  34.417        8.206           26.211            8.204           26.213            9.935           24.482           10.249           24.168     
  -0.765       -5.396            4.631           -5.369            4.605           -5.846            5.081           -5.421            4.656     
   5.497        2.435            3.062            2.405            3.092            2.141            3.356            1.414            4.083     
  14.866       10.233            4.633           10.260            4.606            9.926            4.940           10.257            4.609     
  -8.317       -8.328            0.011           -8.305           -0.013           -8.664            0.346           -8.235           -0.082     
  -2.055       -0.498           -1.558           -0.530           -1.526           -0.677           -1.379           -1.400           -0.655     
   7.314        7.301            0.013            7.325           -0.011            7.109            0.205            7.443           -0.129     
 -14.818       -9.573           -5.245           -9.552           -5.266          -10.079           -4.740           -9.646           -5.173     
  -8.556       -1.743           -6.814           -1.777           -6.779           -2.092           -6.465           -2.811           -5.746     
   0.813        6.056           -5.243            6.077           -5.264            5.694           -4.881            6.032           -5.220     

Statistical Summary dH-+
                     allparams_bound                     gamma_bound                      simple_unbound                      zeta_bound             
Unsigned Error             -0.006                            0.000                             0.000                             -0.000               
RMSD                       6.530                             6.531                             6.674                             6.654                
CV                         7.140                             7.001                             6.752                             7.117                
AIC                        68.294                            64.295                            60.949                            64.856               
dAIC                       7.346                             3.346                             0.000                             3.908                
AICc                      78.794                            68.295                            61.949                            68.856               
dAICc                     16.846                            6.346                             0.000                             6.908                
