RESULTS

For the following solvents:
water  MeOH  EtOH  1PrOH  DMSO  DMA  DMF  PC  ACE  BuOH  EG  FA  MeCN  
We considered all the salts that could be formed with the following cations and anions:
Cations: Cs  
Anions: Cl  Br  I  

dGs
                     allparams_bound                     gamma_bound                      simple_unbound                      zeta_bound             
Ref dGs        error            result           error            result           error            result           error            result        
  -2.082       -7.190            5.108           -8.053            5.971           -7.051            4.969           -6.698            4.616     
  -1.090       -5.408            4.318           -5.575            4.485           -6.208            5.118           -5.325            4.235     
  -0.719       -3.414            2.694           -3.756            3.037           -5.637            4.918           -4.317            3.598     
   3.152       -3.179            6.331           -2.930            6.083           -1.717            4.870           -2.299            5.452     
   3.642       -2.092            5.735           -1.196            4.838           -1.392            5.035           -2.119            5.761     
   3.105       -0.804            3.909           -0.032            3.137           -1.714            4.818           -1.297            4.402     
   6.618        0.251            6.367            0.507            6.111            1.760            4.858            1.141            5.478     
   7.299        1.513            5.786            2.413            4.887            2.275            5.024            1.456            5.843     
   6.475        2.531            3.944            3.309            3.165            1.668            4.806            2.048            4.426     
   8.196        1.770            6.425            2.227            5.968            3.340            4.856            2.627            5.569     
   8.231        2.366            5.865            3.462            4.770            3.208            5.024            2.222            6.009     
   7.885        3.883            4.002            4.863            3.022            3.081            4.804            3.368            4.517     
   4.132       -1.739            5.872           -2.208            6.340           -0.594            4.727           -1.240            5.372     
   1.635       -3.803            5.437           -3.664            5.299           -3.270            4.905           -4.627            6.262     
  -0.433       -3.883            3.450           -3.829            3.396           -5.108            4.675           -4.758            4.325     
   9.367        3.347            6.019            2.836            6.531            4.611            4.756            4.031            5.336     
   7.753        2.225            5.528            2.335            5.418            2.824            4.929            1.731            6.023     
   2.627       -0.970            3.596           -0.958            3.585           -2.078            4.704           -1.658            4.285     
   6.618        0.495            6.124            0.078            6.541            1.843            4.775            1.273            5.345     
   4.718       -0.890            5.608           -0.679            5.397           -0.228            4.946           -1.226            5.944     
   1.312       -2.388            3.700           -2.282            3.594           -3.411            4.723           -2.981            4.293     
   5.758        0.039            5.718           -0.537            6.294            0.830            4.927            0.873            4.885     
   4.407       -0.576            4.983           -0.469            4.876           -0.674            5.081           -0.291            4.698     
   0.882       -2.419            3.301           -2.473            3.355           -3.994            4.876           -2.970            3.852     
  12.498        6.735            5.763            4.806            7.691            7.698            4.799            7.907            4.590     
   9.904        4.849            5.055            3.597            6.308            4.949            4.955            5.403            4.501     
   6.212        2.869            3.343            1.463            4.749            1.464            4.748            2.663            3.549     
   9.391        2.968            6.422            3.406            5.985            4.536            4.855            3.828            5.562     
   9.187        3.325            5.862            4.402            4.786            4.165            5.023            3.185            6.002     
   9.080        5.080            3.999            6.041            3.038            4.277            4.803            4.569            4.510     
  -0.241       -6.553            6.312           -6.616            6.375           -5.079            4.838           -5.617            5.376     
   0.033       -5.696            5.729           -5.114            5.148           -4.971            5.004           -5.702            5.735     
  -0.409       -4.298            3.889           -3.837            3.429           -5.195            4.786           -4.733            4.324     
   9.056        4.694            4.362            3.421            5.635            4.054            5.002            4.750            4.306     
   7.467        3.942            3.525            3.377            4.089            2.319            5.147            3.712            3.755     
   4.371        2.419            1.952            1.666            2.706           -0.580            4.952            1.070            3.302     

Statistical Summary dGs
                     allparams_bound                     gamma_bound                      simple_unbound                      zeta_bound             
Unsigned Error             -0.000                            -0.000                            -0.000                            0.000                
RMSD                       3.586                             3.549                             3.780                             3.696                
CV                         3.808                             3.311                             3.468                             3.640                
AIC                       103.946                            99.208                            99.746                           102.125               
dAIC                       4.738                             0.000                             0.539                             2.917                
AICc                     106.842                           100.498                           100.110                           103.415               
dAICc                     6.732                             0.388                             0.000                             3.305                


dG-+
                     allparams_bound                     gamma_bound                      simple_unbound                      zeta_bound             
Ref dG-+       error            result           error            result           error            result           error            result        
 -18.642      -10.584           -8.058          -11.361           -7.281          -10.235           -8.408           -9.444           -9.199     
 -12.428       -3.451           -8.977           -0.607          -11.822           -2.741           -9.688           -3.230           -9.199     
  -3.346        4.692           -8.038            3.912           -7.259            5.140           -8.486            5.852           -9.199     
 -17.567       -8.818           -8.749          -10.077           -7.490          -11.591           -5.976          -11.067           -6.500     
 -11.855       -2.640           -9.215           -3.950           -7.905           -4.792           -7.063           -5.355           -6.500     
  -3.681        5.069           -8.749            3.975           -7.655            2.383           -6.064            2.819           -6.500     
 -17.639       -9.296           -8.343          -10.351           -7.288          -11.900           -5.738          -11.422           -6.216     
 -11.735       -2.964           -8.772           -4.371           -7.364           -4.926           -6.809           -5.519           -6.216     
  -3.848        4.496           -8.344            3.611           -7.459            1.978           -5.826            2.368           -6.216     
 -16.491       -8.217           -8.274           -9.042           -7.449          -10.856           -5.635          -10.370           -6.121     
 -11.233       -2.580           -8.654           -4.153           -7.080           -4.548           -6.685           -5.112           -6.121     
  -2.868        5.407           -8.275            4.757           -7.625            2.855           -5.723            3.253           -6.121     
  -6.262       -7.186            0.924           -3.792           -2.470           -2.893           -3.369           -2.990           -3.272     
  -3.537       -4.376            0.839           -4.118            0.581            0.757           -4.294           -0.266           -3.272     
   3.107        2.181            0.926            5.721           -2.614            6.563           -3.456            6.379           -3.272     
  -3.848       -2.172           -1.676           -0.428           -3.420            0.089           -3.937            0.108           -3.956     
  -0.239        1.655           -1.894            1.339           -1.578            4.679           -4.918            3.717           -3.956     
   3.346        5.023           -1.677            6.936           -3.590            7.371           -4.025            7.302           -3.956     
  -4.254       -0.972           -3.283           -0.030           -4.224            0.032           -4.286            0.134           -4.389     
  -0.932        2.626           -3.558            1.979           -2.911            4.360           -5.292            3.456           -4.389     
   4.374        7.658           -3.284            8.774           -4.401            8.748           -4.374            8.762           -4.389     
  -7.457        1.947           -9.404            0.208           -7.665           -0.010           -7.447            0.654           -8.111     
  -3.585        6.610          -10.195            7.452          -11.037            5.087           -8.672            4.526           -8.111     
   1.601       10.994           -9.392            9.324           -7.722            9.131           -7.529            9.712           -8.111     
  -5.975       -0.936           -5.039           -2.132           -3.844           -0.703           -5.272           -0.635           -5.340     
  -3.346        2.420           -5.766            3.288           -6.634            3.124           -6.470            1.994           -5.340     
   1.673        6.707           -5.034            5.630           -3.957            7.030           -5.357            7.013           -5.340     
 -16.252       -8.022           -8.230           -8.843           -7.410          -10.633           -5.619          -10.153           -6.100     
 -11.233       -2.623           -8.610           -4.187           -7.046           -4.564           -6.670           -5.134           -6.100     
  -2.629        5.602           -8.231            4.956           -7.585            3.078           -5.707            3.471           -6.100     
 -13.934       -6.481           -7.453           -7.387           -6.547           -8.495           -5.439           -8.119           -5.815     
  -8.437       -0.551           -7.886           -1.777           -6.660           -1.925           -6.512           -2.622           -5.815     
  -0.167        7.287           -7.454            6.552           -6.719            5.360           -5.527            5.647           -5.815     
  -9.656       -4.129           -5.527           -3.378           -6.278           -0.413           -9.243            0.462          -10.117     
  -6.023        0.534           -6.557            5.807          -11.830            4.547          -10.570            4.094          -10.117     
  -0.406        5.091           -5.497            5.763           -6.169            8.911           -9.317            9.711          -10.117     

Statistical Summary dG-+
                     allparams_bound                     gamma_bound                      simple_unbound                      zeta_bound             
Unsigned Error             0.000                             0.000                             -0.000                            -0.002               
RMSD                       5.556                             5.827                             6.144                             6.091                
CV                         5.377                             5.604                             5.357                             5.369                
AIC                       135.469                           134.906                           134.718                           138.091               
dAIC                       0.751                             0.188                             0.000                             3.373                
AICc                     138.365                           136.196                           135.081                           139.381               
dAICc                     3.284                             1.115                             0.000                             4.299                
