RESULTS

For the following solvents:
water  MeOH  EtOH  1PrOH  DMSO  DMA  DMF  PC  ACE  BuOH  EG  FA  MeCN  
We considered all the salts that could be formed with the following cations and anions:
Cations: Cs  
Anions: Cl  Br  I  

dHs
                     allparams_bound                     gamma_bound                      simple_unbound                      zeta_bound             
Ref dHs        error            result           error            result           error            result           error            result        
   4.209        0.163            4.046            0.684            3.525            1.521            2.688           -0.651            4.860     
   6.212        2.611            3.601            1.709            4.503            1.856            4.356            2.937            3.275     
   7.918        4.908            3.010            5.470            2.449            5.798            2.120            4.758            3.160     
   1.891       -1.787            3.677           -0.031            1.921            0.310            1.580           -1.355            3.246     
   3.296       -0.420            3.716            0.178            3.118           -0.127            3.423            0.377            2.919     
   3.688        1.068            2.620            2.853            0.835            2.684            1.004            2.199            1.489     
   3.826        0.443            3.384            2.077            1.750            2.378            1.448            0.864            2.963     
   4.682        1.220            3.462            1.718            2.964            1.377            3.305            1.942            2.740     
   5.002        2.677            2.325            4.340            0.663            4.130            0.872            3.798            1.205     
   2.918       -0.511            3.430            1.252            1.666            1.494            1.425           -0.100            3.019     
   4.587        1.027            3.560            1.683            2.904            1.286            3.301            1.655            2.931     
   4.022        1.652            2.371            3.443            0.579            3.174            0.848            2.763            1.259     
   0.839        2.850           -2.011            0.920           -0.081            0.858           -0.019            1.490           -0.651     
  -0.815        0.752           -1.567           -2.113            1.298           -2.786            1.971           -0.895            0.080     
  -2.837        0.230           -3.067           -1.670           -1.167           -2.243           -0.594           -0.436           -2.401     
   1.675        2.374           -0.698            1.281            0.394            1.369            0.307            1.597            0.078     
  -0.719       -0.324           -0.396           -2.429            1.710           -2.965            2.245           -1.160            0.440     
  -3.291       -1.535           -1.756           -2.599           -0.692           -3.022           -0.269           -1.612           -1.679     
   0.002       -0.172            0.175           -0.669            0.671           -0.518            0.521           -0.596            0.598     
  -1.795       -2.210            0.415           -3.754            1.959           -4.232            2.437           -2.594            0.799     
  -4.223       -3.339           -0.884           -3.808           -0.416           -4.168           -0.056           -3.062           -1.162     
   3.898       -0.286            4.184            0.968            2.931            1.674            2.224           -0.186            4.084     
   3.272       -0.604            3.876           -0.698            3.970           -0.670            3.942            0.416            2.856     
   0.963       -2.176            3.139           -0.887            1.850           -0.690            1.653           -1.398            2.361     
  -0.762       -3.417            2.654           -2.304            1.542           -1.988            1.226           -3.073            2.311     
   1.766       -0.962            2.728           -0.988            2.754           -1.315            3.081           -0.310            2.076     
   1.704        0.108            1.596            1.249            0.455            1.054            0.650            1.152            0.552     
   2.751       -0.559            3.310           -1.256            4.007           -0.308            3.059           -2.611            5.362     
   1.790       -0.956            2.747           -3.141            4.931           -2.894            4.684           -1.678            3.468     
  -0.543       -2.827            2.284           -3.478            2.935           -3.037            2.495           -4.231            3.689     

Statistical Summary dHs
                     allparams_bound                     gamma_bound                      simple_unbound                      zeta_bound             
Unsigned Error             -0.000                            -0.000                            0.000                             -0.000               
RMSD                       1.900                             2.372                             2.465                             2.118                
CV                         1.808                             2.208                             2.213                             2.004                
AIC                        50.499                            59.836                            58.139                            53.022               
dAIC                       0.000                             9.337                             7.641                             2.523                
AICc                      54.151                            61.436                            58.584                            54.622               
dAICc                     0.000                             7.285                             4.433                             0.471                


dH-+
                     allparams_bound                     gamma_bound                      simple_unbound                      zeta_bound             
Ref dH-+       error            result           error            result           error            result           error            result        
 -20.077      -13.719           -6.357          -14.236           -5.840          -13.315           -6.761          -12.675           -7.402     
 -12.667       -4.748           -7.919           -2.837           -9.830           -4.622           -8.045           -5.265           -7.402     
  -1.912        4.414           -6.326            3.862           -5.774            4.928           -6.840            5.490           -7.402     
 -13.982       -7.582           -6.400           -8.766           -5.216           -9.659           -4.323           -9.165           -4.817     
  -7.170        0.144           -7.315           -0.825           -6.346           -1.757           -5.413           -2.354           -4.817     
   2.271        8.668           -6.398            7.552           -5.281            6.681           -4.411            7.087           -4.817     
 -14.818       -8.758           -6.060           -9.810           -5.009          -10.734           -4.084          -10.273           -4.545     
  -8.556       -1.635           -6.922           -2.653           -5.903           -3.398           -5.159           -4.011           -4.545     
   0.813        6.871           -6.059            5.890           -5.077            4.985           -4.172            5.358           -4.545     
 -15.296       -9.303           -5.994          -10.225           -5.071          -11.315           -3.981          -10.843           -4.454     
  -8.222       -1.436           -6.786           -2.565           -5.657           -3.187           -5.034           -3.768           -4.454     
   0.263        6.256           -5.993            5.406           -5.143            4.332           -4.069            4.717           -4.454     
  -7.146       -8.310            1.164           -6.087           -1.059           -5.438           -1.709           -5.423           -1.724     
  -3.394       -4.186            0.793           -3.609            0.215           -0.758           -2.636           -1.670           -1.724     
   3.633        2.464            1.169            4.742           -1.109            5.428           -1.795            5.357           -1.724     
  -0.526        0.308           -0.833            1.364           -1.889            1.752           -2.278            1.854           -2.380     
   2.486        3.880           -1.394            3.940           -1.454            5.748           -3.262            4.865           -2.380     
   8.963        9.795           -0.832           10.920           -1.957           11.329           -2.366           11.342           -2.380     
  -5.641       -3.565           -2.076           -3.101           -2.539           -3.012           -2.629           -2.847           -2.794     
  -2.032        0.688           -2.720            0.439           -2.470            1.606           -3.637            0.762           -2.794     
   4.589        6.664           -2.075            7.200           -2.611            7.306           -2.717            7.383           -2.794     
  -7.242       -0.080           -7.162           -1.420           -5.822           -1.444           -5.798           -0.882           -6.360     
  -2.462        6.079           -8.541            6.541           -9.003            4.565           -7.027            3.898           -6.360     
   4.278       11.422           -7.143           10.090           -5.812           10.159           -5.881           10.638           -6.360     
 -16.730      -11.380           -5.350          -12.287           -4.444          -12.946           -3.785          -12.570           -4.160     
  -8.795       -2.578           -6.218           -3.432           -5.364           -3.935           -4.861           -4.635           -4.160     
   0.191        5.541           -5.349            4.704           -4.513            4.064           -3.873            4.351           -4.160     
  -9.058       -4.400           -4.659           -3.656           -5.402           -1.459           -7.599           -0.776           -8.282     
  -4.613        1.767           -6.379            5.480          -10.093            4.317           -8.930            3.670           -8.282     
   2.103        6.717           -4.614            7.380           -5.276            9.777           -7.674           10.386           -8.282     

Statistical Summary dH-+
                     allparams_bound                     gamma_bound                      simple_unbound                      zeta_bound             
Unsigned Error             -0.001                            0.000                             -0.000                            0.000                
RMSD                       6.533                             6.680                             6.840                             6.812                
CV                         6.296                             6.517                             6.207                             6.283                
AIC                       124.613                           121.947                           119.370                           123.118               
dAIC                       5.243                             2.577                             0.000                             3.748                
AICc                     128.265                           123.547                           119.814                           124.718               
dAICc                     8.450                             3.733                             0.000                             4.904                
