RESULTS

For the following solvents:
DMSO  
We considered all the salts that could be formed with the following cations and anions:
Cations: Li  Na  K  Rb  Cs  
Anions: F  Cl  Br  I  

dGs
                     allparams_bound                     gamma_bound                      simple_unbound                      zeta_bound             
Ref dGs        error            result           error            result           error            result           error            result        
  -4.448        2.641           -7.089            2.745           -7.193           -2.875           -1.573            2.504           -6.952     
 -11.537        0.552          -12.089           -1.254          -10.282          -10.601           -0.936            0.629          -12.166     
 -18.573       -3.215          -15.358           -3.154          -15.419          -16.799           -1.774           -3.361          -15.212     
   4.112        0.973            3.139            2.682            1.430            5.632           -1.520            1.166            2.946     
  -1.259       -0.448           -0.810           -0.141           -1.118           -0.422           -0.836           -0.391           -0.868     
  -6.217       -0.575           -5.641            0.841           -7.058           -4.472           -1.744           -0.221           -5.995     
   5.103       -0.470            5.573            0.224            4.878            6.710           -1.608           -0.604            5.707     
   1.322       -0.005            1.326           -0.856            2.177            2.258           -0.937           -0.176            1.498     
  -1.926        0.892           -2.818            1.484           -3.409           -0.112           -1.814            0.789           -2.714     
   5.091       -1.279            6.370           -0.729            5.820            6.717           -1.627           -1.355            6.446     
   1.900       -0.297            2.198           -1.257            3.157            2.853           -0.952           -0.435            2.335     
  -0.669        1.311           -1.980            1.778           -2.447            1.162           -1.831            1.253           -1.922     
   4.132       -1.865            5.997           -2.086            6.218            5.826           -1.693           -1.761            5.894     
   1.635        0.198            1.437           -1.721            3.356            2.671           -1.037            0.368            1.267     
  -0.433        1.586           -2.019            1.444           -1.877            1.451           -1.883            1.596           -2.029     

Statistical Summary dGs
                     allparams_bound                     gamma_bound                      simple_unbound                      zeta_bound             
Unsigned Error             -0.000                            -0.000                            -0.000                            -0.000               
RMSD                       1.404                             1.725                             6.339                             1.412                
CV                         1.894                             1.992                             5.366                             1.621                
AIC                        22.189                            24.356                            59.400                            18.358               
dAIC                       3.830                             5.998                             41.042                            0.000                
AICc                      32.689                            28.356                            60.400                            22.358               
dAICc                     10.330                            5.998                             38.042                            0.000                


dG-+
                     allparams_bound                     gamma_bound                      simple_unbound                      zeta_bound             
Ref dG-+       error            result           error            result           error            result           error            result        
  48.088       -0.065           48.153           -4.415           52.503           -4.921           53.009           -4.924           53.012     
  50.813       -0.065           50.877           -0.399           51.212           -0.881           51.694           -0.876           51.689     
  57.457       -0.065           57.522            4.996           52.461            4.571           52.886            4.569           52.888     
  21.654       -0.165           21.819           -4.915           26.569           -3.954           25.608           -3.957           25.611     
  24.379       -0.165           24.544           -0.899           25.278            0.086           24.292            0.091           24.287     
  31.023       -0.165           31.188            4.496           26.527            5.538           25.485            5.536           25.487     
   4.565        1.141            3.424           -3.317            7.882           -3.400            7.965           -3.403            7.968     
   7.290        1.141            6.148            0.699            6.591            0.640            6.650            0.645            6.645     
  13.934        1.141           12.793            6.094            7.840            6.092            7.842            6.089            7.845     
  -1.410       -0.513           -0.897           -4.963            3.553           -5.077            3.667           -5.080            3.670     
   1.315       -0.513            1.827           -0.948            2.262           -1.037            2.352           -1.032            2.347     
   7.959       -0.513            8.472            4.447            3.511            4.415            3.544            4.412            3.547     
  -6.262       -0.399           -5.863           -4.768           -1.494           -5.201           -1.061           -5.204           -1.058     
  -3.537       -0.399           -3.138           -0.752           -2.785           -1.160           -2.377           -1.155           -2.382     
   3.107       -0.399            3.506            4.643           -1.536            4.292           -1.184            4.289           -1.182     

Statistical Summary dG-+
                     allparams_bound                     gamma_bound                      simple_unbound                      zeta_bound             
Unsigned Error             0.000                             -0.000                            0.000                             -0.000               
RMSD                       0.593                             3.904                             3.953                             3.953                
CV                         0.624                             4.414                             3.983                             4.188                
AIC                        -3.691                            48.858                            45.237                            49.237               
dAIC                       0.000                             52.549                            48.928                            52.928               
AICc                      6.809                             52.858                            46.237                            53.237               
dAICc                     0.000                             46.049                            39.428                            46.428               
