RESULTS

For the following solvents:
water  MeOH  EtOH  1PrOH  DMSO  DMA  DMF  PC  ACE  BuOH  EG  FA  MeCN  
We considered all the salts that could be formed with the following cations and anions:
Cations: Rb  
Anions: F  Cl  Br  I  

dGs
                     allparams_bound                     gamma_bound                      simple_unbound                      zeta_bound             
Ref dGs        error            result           error            result           error            result           error            result        
  -1.769       -8.170            6.401           -8.278            6.510           -6.850            5.081           -6.900            5.131     
  -1.470       -5.887            4.417           -6.077            4.607           -6.770            5.300           -5.415            3.945     
  -1.601       -4.041            2.440           -4.078            2.477           -6.604            5.003           -5.022            3.421     
   3.681       -2.967            6.648           -3.048            6.728           -1.238            4.918           -2.425            6.106     
   3.478       -1.685            5.162           -1.674            5.151           -1.683            5.160           -2.611            6.089     
   2.438       -0.226            2.664           -0.243            2.681           -2.401            4.839           -1.904            4.342     
   7.051        0.376            6.675            0.300            6.750            2.151            4.899            0.946            6.105     
   7.039        1.809            5.230            1.839            5.200            1.896            5.143            0.855            6.184     
   5.712        3.023            2.689            3.010            2.702            0.892            4.820            1.373            4.339     
   8.987        2.448            6.539            2.347            6.640            4.090            4.896            2.738            6.249     
   8.329        3.181            5.148            3.204            5.125            3.187            5.142            1.875            6.454     
   7.481        4.928            2.553            4.889            2.592            2.664            4.817            2.999            4.482     
   5.091       -1.676            6.767           -1.713            6.804            0.398            4.693           -0.400            5.491     
   1.900       -3.800            5.700           -3.600            5.500           -3.054            4.954           -4.556            6.456     
  -0.669       -3.454            2.785           -3.427            2.758           -5.283            4.614           -4.402            3.733     
   9.441        2.445            6.996            2.445            6.996            4.703            4.738            3.921            5.520     
   7.134        1.352            5.783            1.537            5.597            2.142            4.992            0.992            6.142     
   1.506       -1.505            3.011           -1.442            2.948           -3.153            4.659           -2.249            3.754     
   7.337        0.309            7.028            0.310            7.028            2.570            4.768            1.740            5.597     
   4.744       -1.007            5.752           -0.843            5.587           -0.275            5.019           -1.325            6.070     
   0.837       -2.206            3.043           -2.143            2.979           -3.852            4.689           -2.994            3.830     
   7.505        0.717            6.788            0.665            6.840            2.493            5.012            2.110            5.394     
   5.461        0.516            4.945            0.432            5.030            0.223            5.238            0.922            4.539     
   1.434       -1.382            2.816           -1.367            2.801           -3.499            4.933           -2.227            3.661     
  12.811        4.696            8.115            4.887            7.924            8.005            4.806            8.388            4.423     
   9.524        3.182            6.342            3.365            6.159            4.489            5.035            5.792            3.733     
   5.330        1.193            4.137            1.450            3.880            0.603            4.727            2.656            2.674     
  10.660        4.105            6.554            4.007            6.652            5.765            4.894            4.425            6.234     
   9.763        4.601            5.163            4.626            5.137            4.623            5.141            3.326            6.438     
   9.154        6.585            2.569            6.550            2.604            4.339            4.815            4.686            4.468     
   0.311       -6.607            6.917           -6.637            6.948           -4.557            4.868           -5.553            5.863     
  -0.108       -5.576            5.468           -5.503            5.395           -5.219            5.111           -6.040            5.932     
  -1.052       -3.984            2.932           -3.952            2.900           -5.840            4.788           -5.149            4.098     
   9.584        3.604            5.980            3.438            6.146            4.447            5.137            4.810            4.774     
   7.302        3.428            3.874            3.138            4.163            1.951            5.351            4.000            3.302     
   3.705        1.676            2.029            1.585            2.120           -1.355            5.059            0.617            3.088     

Statistical Summary dGs
                     allparams_bound                     gamma_bound                      simple_unbound                      zeta_bound             
Unsigned Error             -0.000                            -0.000                            -0.000                            0.000                
RMSD                       3.588                             3.591                             3.976                             3.817                
CV                         3.812                             3.358                             3.628                             3.723                
AIC                       103.985                           100.046                           103.380                           104.449               
dAIC                       3.939                             0.000                             3.335                             4.403                
AICc                     106.881                           101.336                           103.744                           105.739               
dAICc                     5.545                             0.000                             2.408                             4.403                


dG-+
                     allparams_bound                     gamma_bound                      simple_unbound                      zeta_bound             
Ref dG-+       error            result           error            result           error            result           error            result        
 -43.021      -34.410           -8.611          -30.792          -12.229          -33.234           -9.788          -36.547           -6.474     
 -13.145       -4.733           -8.412           -1.511          -11.634           -3.220           -9.926           -6.944           -6.202     
  -6.931       -7.573            0.642            3.818          -10.749            4.755          -11.686           -4.198           -2.733     
   2.151       10.708           -8.557           14.457          -12.306           12.185          -10.034            8.140           -5.989     
 -40.512      -32.923           -7.589          -28.798          -11.713          -34.293           -6.219          -32.452           -8.060     
 -12.285       -4.248           -8.037           -1.708          -10.577           -5.954           -6.331           -4.446           -7.839     
  -6.573       -1.002           -5.570           -2.401           -4.171            1.253           -7.826           -1.679           -4.894     
   1.601        9.482           -7.881           13.102          -11.501            8.052           -6.451            9.203           -7.602     
 -40.679      -33.342           -7.337          -29.402          -11.276          -34.810           -5.869          -32.499           -8.180     
 -12.261       -4.420           -7.841           -2.168          -10.093           -6.282           -5.979           -4.297           -7.964     
  -6.358       -0.442           -5.915           -3.123           -3.235            1.095           -7.452           -1.296           -5.062     
   1.530        9.205           -7.676           12.554          -11.025            7.629           -6.100            9.256           -7.726     
 -11.472       -3.899           -7.574           -0.851          -10.621           -5.639           -5.834           -3.404           -8.069     
  -6.214        0.145           -6.359           -3.047           -3.167            1.064           -7.278           -0.991           -5.223     
   2.151        9.553           -7.402           13.709          -11.558            8.106           -5.955            9.981           -7.830     
  -1.410        3.582           -4.992           -0.032           -1.379            1.081           -2.492            7.570           -8.980     
   1.315        9.375           -8.061           -8.350            9.665            5.078           -3.763            7.790           -6.475     
   7.959       12.830           -4.871           10.232           -2.273           10.569           -2.610           16.705           -8.746     
   1.888        8.140           -6.252            4.480           -2.591            5.203           -3.315           10.586           -8.698     
   5.497       12.886           -7.389           -1.336            6.833           10.162           -4.664           11.536           -6.039     
   9.082       15.171           -6.089           12.604           -3.521           12.517           -3.435           17.543           -8.460     
 -28.394      -22.415           -5.979          -23.095           -5.299          -24.667           -3.727          -19.654           -8.740     
   0.837        7.575           -6.738            4.738           -3.901            4.663           -3.826            9.381           -8.544     
   4.159       11.191           -7.032           -0.658            4.817            9.369           -5.210            9.977           -5.818     
   9.465       16.030           -6.566           14.304           -4.839           13.412           -3.947           17.771           -8.306     
 -29.398      -20.695           -8.703          -17.675          -11.723          -21.039           -8.359          -22.331           -7.066     
  -3.394        5.304           -8.698            7.572          -10.966            5.095           -8.489            3.416           -6.810     
   0.478        1.986           -1.508            8.996           -8.518           10.653          -10.175            3.967           -3.489     
   5.664       14.378           -8.714           17.410          -11.746           14.267           -8.603           12.251           -6.586     
  -0.478        8.184           -8.662            0.433           -0.911            4.739           -5.217            7.140           -7.618     
   2.151        4.552           -2.401           -0.164            2.315            9.017           -6.865            6.523           -4.372     
   7.170       15.759           -8.589            8.936           -1.765           12.504           -5.334           14.558           -7.388     
 -11.711       -4.136           -7.575           -1.195          -10.516           -5.902           -5.810           -3.639           -8.072     
  -6.692       -0.340           -6.352           -3.623           -3.069            0.563           -7.255           -1.467           -5.225     
   1.912        9.315           -7.403           13.365          -11.453            7.843           -5.931            9.746           -7.834     
 -35.851      -28.539           -7.312          -26.431           -9.420          -30.433           -5.417          -27.599           -8.252     
  -8.676       -0.850           -7.826           -0.448           -8.228           -3.149           -5.527           -0.639           -8.036     
  -3.179        2.663           -5.842           -1.760           -1.419            3.824           -7.003            1.951           -5.130     
   5.091       12.751           -7.660           14.251           -9.160           10.738           -5.648           12.889           -7.799     
 -33.078      -24.856           -8.223          -21.261          -11.817          -22.044          -11.035          -27.169           -5.910     
  -4.374        3.484           -7.858            6.988          -11.362            6.806          -11.180            1.250           -5.624     
  -0.741       -3.552            2.811           11.089          -11.830           12.265          -13.005            1.287           -2.028     
   4.876       13.016           -8.140           16.794          -11.918           16.158          -11.282           10.298           -5.422     

Statistical Summary dG-+
                     allparams_bound                     gamma_bound                      simple_unbound                      zeta_bound             
Unsigned Error             -5.108                            0.000                             -0.000                            -0.536               
RMSD                       14.033                            13.094                            14.017                            14.153               
CV                         11.521                            10.320                            11.184                            11.868               
AIC                       239.161                           229.203                           231.065                           235.895               
dAIC                       9.958                             0.000                             1.862                             6.692                
AICc                     241.495                           230.256                           231.365                           236.947               
dAICc                     11.239                            0.000                             1.109                             6.692                
