RESULTS

For the following solvents:
water  MeOH  EtOH  1PrOH  DMSO  DMA  DMF  PC  ACE  BuOH  EG  FA  MeCN  
We considered all the salts that could be formed with the following cations and anions:
Cations: Rb  
Anions: F  Cl  Br  I  

dHs
                     allparams_bound                     gamma_bound                      simple_unbound                      zeta_bound             
Ref dHs        error            result           error            result           error            result           error            result        
  -6.236       -7.814            1.578           -7.444            1.208           -7.064            0.828           -7.811            1.575     
   4.070        2.295            1.775            2.644            1.426            3.005            1.065            2.325            1.745     
   5.229        2.222            3.008            1.383            3.847            1.501            3.728            1.475            3.754     
   6.561        5.142            1.419            5.722            0.839            6.445            0.116            5.194            1.367     
  -7.096       -6.768           -0.328           -5.737           -1.359           -5.927           -1.169           -5.932           -1.164     
   1.346        1.377           -0.032            2.468           -1.122            2.252           -0.906            2.339           -0.994     
   1.907       -0.303            2.210            0.419            1.488           -0.121            2.028            0.892            1.015     
   1.924        2.359           -0.435            3.642           -1.718            3.792           -1.868            3.296           -1.372     
   3.162        3.572           -0.410            4.542           -1.380            4.298           -1.136            4.442           -1.280     
   3.174        1.259            1.915            1.928            1.246            1.353            1.821            2.445            0.729     
   3.119        3.933           -0.814            5.096           -1.977            5.217           -2.098            4.777           -1.658     
  -0.280        5.919           -6.199            3.708           -3.988            3.360           -3.640            3.945           -4.224     
  -2.777        0.332           -3.109           -1.559           -1.218           -2.299           -0.478           -0.562           -2.215     
  -5.174        1.422           -6.596           -0.592           -4.583           -0.574           -4.600           -0.572           -4.602     
 -14.744      -10.748           -3.996          -11.551           -3.193          -11.738           -3.006          -11.453           -3.291     
  -0.686        2.966           -3.652            2.261           -2.947            2.044           -2.730            2.435           -3.121     
  -3.327       -2.340           -0.987           -3.069           -0.257           -3.644            0.317           -2.215           -1.112     
  -6.131       -2.073           -4.057           -2.587           -3.544           -2.438           -3.693           -2.631           -3.499     
   4.381        2.881            1.500            3.943            0.438            4.152            0.229            3.754            0.627     
   2.911       -0.107            3.018           -0.001            2.912           -0.058            2.969            0.275            2.636     
   0.227       -0.896            1.123            0.380           -0.153            0.952           -0.725           -0.022            0.249     
  -4.802       -3.493           -1.308           -2.869           -1.932           -3.014           -1.787           -2.940           -1.861     
  -0.901        0.101           -1.002            0.793           -1.694            0.620           -1.521            0.790           -1.691     
   0.784       -0.529            1.313           -0.147            0.930           -0.648            1.432            0.466            0.318     
   0.347        1.753           -1.407            2.637           -2.290            2.830           -2.484            2.416           -2.069     
   2.971        1.502            1.469            0.699            2.272            1.225            1.746            0.274            2.697     
   1.166       -1.288            2.454           -3.479            4.646           -3.176            4.343           -3.540            4.706     
  -1.542       -2.675            1.133           -3.230            1.688           -2.344            0.802           -3.861            2.319     

Statistical Summary dHs
                     allparams_bound                     gamma_bound                      simple_unbound                      zeta_bound             
Unsigned Error             0.000                             0.001                             0.000                             0.000                
RMSD                       3.722                             3.899                             3.946                             3.866                
CV                         3.352                             3.299                             3.293                             3.330                
AIC                        85.599                            84.194                            80.876                            83.728               
dAIC                       4.723                             3.318                             0.000                             2.853                
AICc                      89.599                            85.933                            81.356                            85.467               
dAICc                     8.243                             4.577                             0.000                             4.112                


dH-+
                     allparams_bound                     gamma_bound                      simple_unbound                      zeta_bound             
Ref dH-+       error            result           error            result           error            result           error            result        
 -48.279      -33.087          -15.192          -43.644           -4.635          -43.012           -5.267          -43.357           -4.922     
 -14.101       -0.676          -13.425          -10.155           -3.947           -8.828           -5.273           -9.615           -4.487     
  -6.692      -11.791            5.099           -9.966            3.274           -1.344           -5.348           -7.760            1.067     
   4.063        9.773           -5.710            5.003           -0.939            9.341           -5.278            8.208           -4.145     
 -39.914      -27.319          -12.595          -30.929           -8.985          -34.798           -5.116          -32.452           -7.462     
  -7.600        3.309          -10.909            0.728           -8.328           -2.480           -5.121           -0.492           -7.109     
  -0.789       -7.573            6.784            0.643           -1.432            4.396           -5.184            1.604           -2.393     
   8.652       11.808           -3.156           13.958           -5.306           13.778           -5.126           15.381           -6.729     
  -8.317        2.559          -10.876            0.440           -8.757           -3.211           -5.106           -1.009           -7.309     
  -2.055       -8.805            6.749           -0.168           -1.887            3.113           -5.168            0.606           -2.661     
   7.314       10.435           -3.122           13.048           -5.735           12.425           -5.111           14.242           -6.928     
  -0.191       13.661          -13.852           12.817          -13.008            4.767           -4.958            8.745           -8.936     
   3.561        0.417            3.144            9.945           -6.383            8.573           -5.012            8.485           -4.924     
  10.588       16.691           -6.103           20.575           -9.988           15.551           -4.963           19.149           -8.561     
 -37.046      -23.797          -13.249          -25.023          -12.023          -32.036           -5.010          -28.494           -8.552     
   0.884       12.487          -11.602           12.265          -11.381            5.899           -5.015            9.122           -8.238     
   4.493       -1.250            5.743            9.113           -4.620            9.567           -5.073            8.366           -3.873     
  11.114       14.961           -3.847           19.472           -8.358           16.134           -5.020           18.970           -7.856     
  -1.888        9.113          -11.001            3.809           -5.697            3.324           -5.212            3.572           -5.460     
   2.892       -4.395            7.287            1.461            1.431            8.176           -5.284            3.035           -0.143     
   9.632       12.902           -3.270           12.316           -2.684           14.849           -5.217           14.735           -5.103     
 -38.528      -26.395          -12.133          -28.566           -9.962          -33.446           -5.082          -30.758           -7.770     
 -10.755       -0.300          -10.456           -1.447           -9.308           -5.668           -5.087           -3.331           -7.425     
  -2.820       -9.997            7.177           -0.385           -2.435            2.329           -5.149           -0.050           -2.770     
   6.166        8.868           -2.701           12.452           -6.286           11.258           -5.092           13.210           -7.044     
  -3.442       13.074          -16.515           -1.023           -2.418            1.885           -5.327            0.120           -3.562     
   1.004       -1.208            2.212           -3.877            4.881            6.408           -5.404           -1.194            2.197     
   7.720       16.538           -8.818            7.138            0.582           13.051           -5.331           10.958           -3.238     

Statistical Summary dH-+
                     allparams_bound                     gamma_bound                      simple_unbound                      zeta_bound             
Unsigned Error             -0.000                            0.000                             -0.000                            -0.000               
RMSD                       13.990                            15.340                            15.996                            15.731               
CV                         12.808                            12.716                            12.645                            12.121               
AIC                       159.746                           160.907                           159.252                           162.316               
dAIC                       0.493                             1.655                             0.000                             3.063                
AICc                     163.746                           162.646                           159.732                           164.055               
dAICc                     4.013                             2.914                             0.000                             4.322                
