RESULTS

For the following solvents:
ACE  
We considered all the salts that could be formed with the following cations and anions:
Cations: Li  Na  K  Rb  Cs  
Anions: Cl  Br  I  

dGs
                     allparams_bound                     gamma_bound                      simple_unbound                      zeta_bound             
Ref dGs        error            result           error            result           error            result           error            result        
   6.403        2.709            3.694            2.303            4.100           -0.354            6.757            3.520            2.883     
  -0.782        0.389           -1.171           -0.103           -0.678           -8.897            8.116            1.342           -2.124     
  -9.443       -3.140           -6.303           -3.360           -6.083          -15.709            6.266           -3.410           -6.033     
  13.864        1.117           12.746            1.943           11.921            6.973            6.891            0.811           13.053     
   8.397       -0.144            8.541            0.562            7.835            0.033            8.364           -1.323            9.721     
   1.814       -0.615            2.429            0.413            1.402           -4.530            6.344           -1.509            3.323     
  13.301       -0.632           13.932           -0.729           14.029            6.708            6.593           -0.658           13.959     
   9.424       -0.117            9.541           -0.324            9.748            1.390            8.034           -0.729           10.153     
   4.551        0.692            3.859            0.784            3.767           -1.537            6.089           -0.298            4.850     
  12.811       -1.691           14.502           -1.799           14.610            6.290            6.521           -1.367           14.177     
   9.524       -0.632           10.157           -0.853           10.378            1.554            7.970           -0.965           10.489     
   5.330        0.876            4.454            0.956            4.374           -0.691            6.021            0.197            5.132     
  12.498       -1.453           13.950           -1.806           14.303            6.198            6.300            0.150           12.347     
   9.904        0.542            9.362            0.089            9.815            2.198            7.707            1.863            8.042     
   6.212        2.099            4.112            1.924            4.287            0.375            5.836            2.377            3.835     

Statistical Summary dGs
                     allparams_bound                     gamma_bound                      simple_unbound                      zeta_bound             
Unsigned Error             -0.000                            -0.000                            -0.000                            -0.000               
RMSD                       1.431                             1.505                             5.946                             1.704                
CV                         1.798                             1.729                             4.787                             2.019                
AIC                        22.756                            20.260                            57.482                            23.983               
dAIC                       2.496                             0.000                             37.222                            3.723                
AICc                      33.256                            24.260                            58.482                            27.983               
dAICc                     8.996                             0.000                             34.222                            3.723                


dG-+
                     allparams_bound                     gamma_bound                      simple_unbound                      zeta_bound             
Ref dG-+       error            result           error            result           error            result           error            result        
  45.889       -3.938           49.828           -3.844           49.733           -4.347           50.236           -4.081           49.970     
  48.518       -0.072           48.590           -0.145           48.663           -0.101           48.619           -0.654           49.172     
  53.537        3.699           49.838            3.799           49.738            3.416           50.121            3.624           49.914     
  20.555       -4.092           24.646           -4.129           24.683           -3.685           24.239           -3.398           23.953     
  23.184       -0.225           23.409           -0.430           23.614            0.561           22.622            0.029           23.154     
  28.203        3.546           24.657            3.514           24.688            4.078           24.124            4.307           23.896     
   5.019       -2.422            7.441           -2.358            7.377           -2.643            7.662           -2.343            7.362     
   7.648        1.445            6.203            1.341            6.308            1.603            6.045            1.084            6.564     
  12.667        5.216            7.451            5.285            7.382            5.120            7.547            5.362            7.306     
  -0.478       -3.882            3.404           -3.819            3.341           -4.111            3.633           -3.808            3.330     
   2.151       -0.016            2.167           -0.120            2.271            0.135            2.016           -0.381            2.532     
   7.170        3.756            3.414            3.825            3.346            3.652            3.518            3.897            3.274     
  -5.975       -4.839           -1.136           -4.754           -1.221           -5.229           -0.746           -4.923           -1.052     
  -3.346       -0.973           -2.373           -1.055           -2.291           -0.983           -2.363           -1.496           -1.850     
   1.673        2.799           -1.126            2.889           -1.216            2.534           -0.861            2.782           -1.109     

Statistical Summary dG-+
                     allparams_bound                     gamma_bound                      simple_unbound                      zeta_bound             
Unsigned Error             0.002                             0.000                             0.000                             0.000                
RMSD                       3.216                             3.219                             3.285                             3.264                
CV                         3.595                             3.542                             3.265                             3.448                
AIC                        47.041                            43.068                            39.680                            43.485               
dAIC                       7.361                             3.388                             0.000                             3.805                
AICc                      57.541                            47.068                            40.680                            47.485               
dAICc                     16.861                            6.388                             0.000                             6.805                
