RESULTS

For the following solvents:
water  MeOH  EtOH  1PrOH  DMSO  DMA  DMF  PC  ACE  BuOH  EG  FA  MeCN  
We considered all the salts that could be formed with the following cations and anions:
Cations: Li  Na  K  Rb  Cs  
Anions: Cl  Br  I  

dGs
                     allparams_bound                     gamma_bound                      simple_unbound                      zeta_bound             
Ref dGs        error            result           error            result           error            result           error            result        
  -9.610       -5.612           -3.998           -4.909           -4.701          -11.521            1.911           -6.447           -3.163     
 -13.210       -7.253           -5.957           -6.753           -6.457          -15.267            2.057           -7.291           -5.919     
 -17.808       -8.039           -9.770           -7.661          -10.148          -19.665            1.856          -12.859           -4.949     
  -2.150       -6.046            3.896           -6.123            3.973           -4.068            1.918           -6.516            4.366     
  -4.031       -6.402            2.371           -6.715            2.684           -6.108            2.077           -5.969            1.938     
  -6.551       -4.465           -2.087           -4.851           -1.700           -8.408            1.857           -8.971            2.420     
  -1.279       -7.565            6.286           -7.220            5.942           -3.122            1.844           -8.262            6.983     
  -1.570       -6.209            4.639           -6.092            4.521           -3.569            1.999           -6.033            4.463     
  -2.380       -2.845            0.465           -2.822            0.442           -4.167            1.787           -7.540            5.160     
  -1.769       -8.472            6.703           -8.157            6.388           -3.591            1.822           -9.292            7.523     
  -1.470       -6.556            5.086           -6.470            5.000           -3.448            1.978           -6.496            5.026     
  -1.601       -2.500            0.899           -2.507            0.906           -3.368            1.766           -7.314            5.712     
  -2.082       -8.364            6.282           -7.941            5.860           -3.855            1.774           -9.508            7.426     
  -1.090       -5.595            4.505           -5.390            4.300           -3.015            1.925           -5.897            4.807     
  -0.719       -1.335            0.616           -1.246            0.526           -2.442            1.722           -6.439            5.719     
  -5.739       -1.233           -4.506           -0.803           -4.936           -7.493            1.754           -0.684           -5.055     
  -9.840       -3.859           -5.981           -3.723           -6.117          -11.756            1.916           -3.408           -6.432     
 -15.347       -5.047          -10.299           -4.938          -10.408          -17.045            1.699           -8.443           -6.903     
   2.678       -0.971            3.649           -1.292            3.970            0.910            1.768            0.011            2.667     
   0.295       -2.313            2.608           -2.961            3.256           -1.648            1.943           -1.323            1.618     
  -3.133       -0.778           -2.355           -1.404           -1.729           -4.840            1.706           -3.792            0.659     
   3.884       -3.220            7.104           -3.000            6.884            2.165            1.719           -2.187            6.071     
   3.090       -2.849            5.940           -2.948            6.038            1.200            1.891           -1.839            4.929     
   1.372        0.112            1.260            0.014            1.358           -0.290            1.662           -2.812            4.184     
   3.681       -4.191            7.871           -3.961            7.642            1.974            1.707           -3.189            6.870     
   3.478       -3.260            6.738           -3.351            6.828            1.599            1.879           -2.274            5.751     
   2.438        0.393            2.044            0.304            2.134            0.788            1.650           -2.558            4.996     
   3.152       -4.907            8.059           -4.502            7.654            1.479            1.673           -4.070            7.222     
   3.642       -3.123            6.766           -3.026            6.669            1.802            1.840           -2.340            5.983     
   3.105        0.734            2.370            0.810            2.295            1.484            1.621           -2.348            5.453     
  -2.297        2.316           -4.613            2.725           -5.021           -4.034            1.737            3.057           -5.354     
  -6.207       -0.159           -6.048           -0.052           -6.155           -8.107            1.900            0.411           -6.618     
 -12.000       -1.593          -10.407           -1.506          -10.494          -13.682            1.682           -4.795           -7.205     
   6.263        2.706            3.557            2.365            3.898            4.512            1.751            3.884            2.379     
   4.071        1.515            2.556            0.840            3.231            2.144            1.927            2.628            1.443     
   0.356        2.804           -2.448            2.158           -1.802           -1.333            1.689           -0.012            0.369     
   7.254        0.140            7.113            0.351            6.902            5.549            1.705            1.396            5.857     
   6.652        0.662            5.989            0.548            6.103            4.774            1.878            1.823            4.829     
   4.647        3.378            1.269            3.271            1.376            2.999            1.648            0.678            3.969     
   7.051       -0.863            7.913           -0.638            7.689            5.358            1.693            0.370            6.680     
   7.039        0.219            6.820            0.116            6.922            5.172            1.867            1.364            5.675     
   5.712        3.626            2.086            3.533            2.180            4.076            1.637            0.908            4.804     
   6.618       -1.543            8.161           -1.136            7.754            4.957            1.661           -0.459            7.077     
   7.299        0.392            6.907            0.484            6.816            5.470            1.830            1.349            5.950     
   6.475        4.003            2.472            4.081            2.394            4.866            1.609            1.169            5.305     
  -0.767        3.801           -4.568            4.187           -4.954           -2.502            1.734            4.488           -5.256     
  -5.323        0.629           -5.952            0.703           -6.026           -7.222            1.899            1.048           -6.371     
 -10.638       -0.275          -10.363           -0.211          -10.428          -12.317            1.679           -3.530           -7.108     
   8.127        4.524            3.603            4.161            3.967            6.379            1.748            5.649            2.478     
   5.290        2.636            2.654            1.929            3.362            3.364            1.926            3.599            1.691     
   2.053        4.455           -2.402            3.787           -1.734            0.366            1.687            1.586            0.467     
   8.999        1.829            7.170            2.018            6.980            7.296            1.703            3.034            5.965     
   7.751        1.653            6.098            1.508            6.243            5.874            1.877            2.666            5.085     
   6.224        4.899            1.325            4.771            1.453            4.579            1.646            2.149            4.075     
   8.987        1.013            7.974            1.217            7.770            7.296            1.691            2.196            6.791     
   8.329        1.397            6.932            1.264            7.066            6.463            1.866            2.396            5.934     
   7.481        5.335            2.146            5.220            2.261            5.847            1.634            2.568            4.913     
   8.196       -0.034            8.230            0.353            7.843            6.537            1.659            1.002            7.193     
   8.231        1.203            7.028            1.265            6.966            6.402            1.829            2.016            6.215     
   7.885        5.345            2.540            5.403            2.482            6.278            1.607            2.465            5.420     
  -4.448        1.599           -6.047            1.815           -6.263           -6.009            1.561            4.449           -8.897     
 -11.537       -4.421           -7.116           -4.575           -6.962          -13.273            1.736           -2.421           -9.116     
 -18.573       -6.735          -11.838           -6.841          -11.732          -20.079            1.506           -7.835          -10.739     
   4.112        1.969            2.143            1.438            2.674            2.537            1.575            5.262           -1.149     
  -1.259       -2.767            1.508           -3.700            2.442           -3.022            1.764           -0.219           -1.040     
  -6.217       -2.358           -3.859           -3.194           -3.022           -7.730            1.514           -3.066           -3.151     
   5.103       -1.494            6.597           -1.373            6.475            3.551            1.551            2.110            2.993     
   1.322       -4.518            5.840           -4.790            6.112           -0.414            1.736           -1.688            3.009     
  -1.926       -2.682            0.756           -2.878            0.952           -3.421            1.495           -3.039            1.113     
   5.091       -2.579            7.670           -2.413            7.504            3.545            1.546            1.074            4.017     
   1.900       -5.043            6.943           -5.273            7.173            0.168            1.732           -2.157            4.057     
  -0.669       -2.515            1.846           -2.668            1.999           -2.159            1.490           -2.819            2.150     
   4.132       -4.342            8.474           -3.931            8.064            2.605            1.528           -0.692            4.825     
   1.635       -5.952            7.587           -5.926            7.560           -0.074            1.709           -3.108            4.743     
  -0.433       -3.220            2.788           -3.140            2.707           -1.908            1.476           -3.495            3.062     
  -1.747        4.039           -5.786            4.317           -6.064           -3.345            1.598            6.536           -8.283     
  -7.952       -0.955           -6.997           -1.020           -6.931           -9.720            1.768            0.954           -8.906     
 -18.047       -6.467          -11.581           -6.510          -11.537          -19.589            1.542           -7.914          -10.133     
   8.080        5.661            2.419            5.193            2.886            6.467            1.612            8.604           -0.524     
   3.593        1.951            1.642            1.107            2.486            1.797            1.796            4.412           -0.819     
  -4.424       -0.838           -3.586           -1.611           -2.813           -5.975            1.551           -1.890           -2.534     
   9.046        2.328            6.718            2.495            6.551            7.462            1.585            5.542            3.504     
   6.150        0.330            5.819            0.131            6.019            4.385            1.765            3.033            3.116     
  -0.157       -1.032            0.874           -1.182            1.024           -1.685            1.528           -1.773            1.616     
   9.441        1.695            7.746            1.901            7.539            7.862            1.578            4.946            4.495     
   7.134        0.257            6.877            0.094            7.040            5.375            1.759            3.004            4.130     
   1.506       -0.413            1.919           -0.525            2.031           -0.016            1.522           -1.113            2.619     
   9.367        0.919            8.448            1.359            8.008            7.809            1.557            4.140            5.227     
   7.753        0.335            7.419            0.417            7.336            6.020            1.733            3.012            4.741     
   2.627       -0.132            2.758           -0.021            2.648            1.122            1.505           -0.829            3.455     
  -3.420        2.163           -5.583            2.472           -5.892           -5.043            1.622            4.380           -7.800     
  -9.912       -3.056           -6.856           -3.079           -6.833          -11.703            1.791           -1.312           -8.600     
 -18.286       -6.908          -11.378           -6.921          -11.366          -19.853            1.567           -8.634           -9.653     
   6.861        4.233            2.628            3.797            3.063            5.223            1.637            6.898           -0.037     
   2.087        0.298            1.789           -0.502            2.590            0.269            1.819            2.596           -0.509     
  -4.209       -0.831           -3.378           -1.572           -2.637           -5.785            1.576           -2.160           -2.049     
   8.090        1.280            6.810            1.467            6.624            6.484            1.607            4.186            3.904     
   4.907       -0.942            5.849           -1.111            6.018            3.122            1.785            1.567            3.340     
   0.321       -0.644            0.965           -0.776            1.096           -1.229            1.550           -1.693            2.014     
   7.337       -0.465            7.803           -0.244            7.581            5.738            1.600            2.468            4.869     
   4.744       -2.128            6.872           -2.264            7.008            2.966            1.778            0.416            4.328     
   0.837       -1.138            1.974           -1.235            2.072           -0.707            1.543           -2.155            2.991     
   6.618       -1.811            8.429           -1.365            7.983            5.041            1.577            1.073            5.545     
   4.718       -2.620            7.338           -2.520            7.238            2.967            1.751           -0.165            4.883     
   1.312       -1.427            2.739           -1.310            2.622           -0.212            1.525           -2.460            3.772     
   5.590        9.862           -4.272           10.477           -4.887            3.748            1.842            9.782           -4.192     
  -0.351        5.743           -6.094            6.129           -6.480           -2.344            1.992            6.206           -6.557     
  -8.846        1.207          -10.053            1.499          -10.344          -10.633            1.787           -2.841           -6.005     
  10.852        7.085            3.767            6.936            3.916            8.999            1.853            7.408            3.444     
   6.629        4.250            2.379            3.839            2.790            4.612            2.016            5.222            1.407     
   0.213        2.438           -2.225            1.981           -1.768           -1.579            1.791           -1.259            1.472     
   9.500        2.838            6.662            3.167            6.333            7.710            1.790            3.066            6.435     
   6.867        1.715            5.151            1.791            5.075            4.916            1.950            2.562            4.305     
   2.161        1.330            0.831            1.339            0.822            0.427            1.734           -2.423            4.584     
   7.505        0.259            7.246            0.577            6.927            5.732            1.773            0.407            7.098     
   5.461       -0.304            5.766           -0.241            5.702            3.527            1.934            0.470            4.991     
   1.434        0.002            1.432           -0.000            1.434           -0.283            1.717           -3.826            5.260     
   5.758       -1.347            7.105           -0.890            6.647            4.026            1.732           -1.450            7.207     
   4.407       -1.057            5.464           -0.843            5.250            2.520            1.888           -0.572            4.979     
   0.882       -0.546            1.428           -0.421            1.303           -0.798            1.680           -4.592            5.473     
   6.403       12.280           -5.877           12.790           -6.387            4.750            1.653           14.876           -8.473     
  -0.782        6.849           -7.631            7.117           -7.899           -2.587            1.806            9.863          -10.645     
  -9.443        2.221          -11.665            2.409          -11.852          -11.041            1.598            0.862          -10.305     
  13.864       11.529            2.335           11.294            2.569           12.195            1.668           14.573           -0.710     
   8.397        7.383            1.015            6.873            1.524            6.563            1.834           10.950           -2.553     
   1.814        5.478           -3.664            4.936           -3.122            0.207            1.607            4.515           -2.701     
  13.301        6.897            6.404            7.272            6.029           11.666            1.635           10.153            3.148     
   9.424        4.463            4.961            4.572            4.852            7.627            1.797            8.212            1.212     
   4.551        3.985            0.566            4.041            0.510            2.973            1.578            3.273            1.278     
  12.811        5.452            7.358            5.858            6.953           11.184            1.627            8.726            4.085     
   9.524        3.578            5.946            3.716            5.809            7.735            1.789            7.352            2.172     
   5.330        3.792            1.537            3.878            1.452            3.759            1.570            3.102            2.228     
  12.498        4.598            7.900            5.219            7.279           10.896            1.602            7.799            4.698     
   9.904        3.577            6.328            3.942            5.963            8.144            1.760            7.240            2.665     
   6.212        3.995            2.217            4.285            1.927            4.662            1.550            3.266            2.946     
   9.322        5.734            3.588            5.371            3.952            7.576            1.747            6.885            2.437     
   6.246        3.608            2.638            2.900            3.346            4.321            1.925            4.598            1.648     
   3.248        5.665           -2.417            4.997           -1.749            1.563            1.685            2.823            0.425     
  10.433        3.268            7.165            3.459            6.974            8.731            1.701            4.502            5.931     
   8.946        2.854            6.092            2.710            6.236            7.071            1.875            3.897            5.049     
   7.658        6.338            1.320            6.212            1.447            6.014            1.644            3.618            4.041     
  10.660        2.688            7.972            2.893            7.766            8.970            1.690            3.901            6.759     
   9.763        2.834            6.930            2.702            7.061            7.899            1.865            3.863            5.900     
   9.154        7.010            2.144            6.897            2.257            7.521            1.633            4.273            4.881     
   9.391        1.157            8.233            1.546            7.844            7.733            1.658            2.225            7.165     
   9.187        2.156            7.031            2.221            6.967            7.359            1.828            3.002            6.186     
   9.080        6.537            2.543            6.597            2.483            7.474            1.606            3.688            5.392     
  -6.814       -2.183           -4.631           -1.757           -5.057           -8.555            1.741           -1.427           -5.387     
 -10.844       -4.739           -6.105           -4.607           -6.237          -12.747            1.903           -4.082           -6.762     
 -15.992       -5.567          -10.424           -5.463          -10.529          -17.677            1.685           -8.756           -7.236     
   0.168       -3.369            3.537           -3.692            3.860           -1.586            1.755           -2.176            2.344     
  -2.143       -4.639            2.497           -5.290            3.147           -4.073            1.930           -3.440            1.297     
  -5.213       -2.745           -2.468           -3.374           -1.839           -6.906            1.693           -5.548            0.335     
   1.111       -5.963            7.074           -5.737            6.848           -0.597            1.708           -4.698            5.809     
   0.390       -5.522            5.911           -5.613            6.003           -1.490            1.879           -4.280            4.670     
  -0.970       -2.201            1.231           -2.292            1.322           -2.621            1.651           -4.892            3.922     
  -8.726       -3.828           -4.898           -3.425           -5.301          -10.435            1.708           -2.634           -6.092     
 -13.043       -6.704           -6.338           -6.603           -6.440          -14.914            1.871           -5.674           -7.369     
 -18.454       -7.761          -10.693           -7.680          -10.774          -20.107            1.653          -10.510           -7.943     
  -0.788       -4.081            3.293           -4.425            3.638           -2.510            1.723           -2.444            1.656     
  -3.386       -5.673            2.287           -6.351            2.966           -5.285            1.899           -4.094            0.708     
  -6.718       -4.007           -2.712           -4.656           -2.062           -8.380            1.661           -6.364           -0.354     
   0.968       -6.054            7.022           -5.827            6.795           -0.713            1.681           -4.295            5.262     
  -0.041       -5.934            5.893           -6.032            5.991           -1.894            1.853           -4.262            4.222     
  -1.663       -2.841            1.178           -2.931            1.268           -3.287            1.624           -5.037            3.374     
   0.311       -7.565            7.875           -7.318            7.629           -1.360            1.670           -5.814            6.125     
  -0.108       -6.885            6.777           -6.965            6.858           -1.951            1.844           -5.215            5.107     
  -1.052       -3.099            2.048           -3.172            2.120           -2.666            1.614           -5.300            4.249     
  -0.241       -8.464            8.223           -8.024            7.783           -1.882            1.641           -6.837            6.595     
   0.033       -6.931            6.965           -6.806            6.839           -1.776            1.809           -5.423            5.456     
  -0.409       -2.942            2.533           -2.831            2.423           -1.997            1.589           -5.232            4.823     
   7.263       11.107           -3.843           11.888           -4.625            5.293            1.971            9.633           -2.370     
   1.083        7.004           -5.921            7.604           -6.521           -1.030            2.113            6.546           -5.464     
  -6.981        2.623           -9.605            3.078          -10.059           -8.898            1.916           -2.854           -4.127     
  10.756        6.869            3.888            6.852            3.904            8.783            1.974            5.718            5.039     
   6.294        4.050            2.244            3.819            2.475            4.165            2.129            4.021            2.273     
   0.308        2.393           -2.085            2.065           -1.757           -1.605            1.913           -2.814            3.122     
  10.337        4.533            5.804            4.885            5.452            8.450            1.887            3.031            7.306     
   7.464        3.427            4.038            3.573            3.891            5.425            2.039            3.016            4.448     
   3.189        3.196           -0.007            3.224           -0.036            1.357            1.832           -2.322            5.511     
   9.584        3.521            6.063            3.826            5.758            7.722            1.862            1.855            7.729     
   7.302        2.975            4.327            3.072            4.230            5.287            2.014            2.408            4.894     
   3.705        3.437            0.268            3.417            0.288            1.898            1.807           -2.242            5.947     
   9.056        3.670            5.386            4.053            5.003            7.249            1.807            1.613            7.443     
   7.467        3.976            3.490            4.164            3.302            5.512            1.955            2.980            4.487     
   4.371        4.642           -0.270            4.690           -0.319            2.615            1.756           -1.394            5.765     

Statistical Summary dGs
                     allparams_bound                     gamma_bound                      simple_unbound                      zeta_bound             
Unsigned Error             0.000                             -0.000                            -0.000                            -0.000               
RMSD                       4.330                             4.343                             6.924                             4.920                
CV                         3.687                             3.654                             5.511                             4.126                
AIC                       557.181                           554.317                           723.844                           600.677               
dAIC                       2.864                             0.000                            169.528                            46.360               
AICc                     557.650                           554.538                           723.910                           600.898               
dAICc                     3.113                             0.000                            169.372                            46.360               


dG-+
                     allparams_bound                     gamma_bound                      simple_unbound                      zeta_bound             
Ref dG-+       error            result           error            result           error            result           error            result        
  34.656       -6.859           41.515           -7.225           41.880           -8.563           43.219           -8.925           43.581     
  40.870       -0.644           41.514           -0.384           41.254           -0.555           41.425           -2.637           43.507     
  49.952        8.438           41.515            8.062           41.890            6.843           43.109            6.376           43.577     
   9.321       -6.372           15.693           -6.614           15.936           -7.026           16.348           -7.257           16.579     
  15.535       -0.158           15.693            0.226           15.310            0.982           14.554           -0.968           16.504     
  24.618        8.925           15.693            8.673           15.945            8.380           16.237            8.044           16.574     
  -7.648       -6.460           -1.188           -6.732           -0.916           -7.479           -0.170           -7.629           -0.019     
  -1.434       -0.246           -1.188            0.108           -1.542            0.530           -1.964           -1.340           -0.094     
   7.648        8.836           -1.188            8.555           -0.907            7.928           -0.280            7.672           -0.024     
 -13.145       -8.152           -4.993           -8.402           -4.744           -9.016           -4.129           -9.147           -3.998     
  -6.931       -1.938           -4.993           -1.561           -5.370           -1.008           -5.923           -2.858           -4.073     
   2.151        7.144           -4.993            6.885           -4.734            6.391           -4.240            6.154           -4.003     
 -18.642       -9.604           -9.038           -9.832           -8.811          -10.367           -8.275          -10.478           -8.164     
 -12.428       -3.390           -9.038           -2.991           -9.437           -2.359          -10.069           -4.189           -8.239     
  -3.346        5.692           -9.038            5.455           -8.801            5.039           -8.386            4.823           -8.169     
  37.094       -9.351           46.445           -9.521           46.614          -10.490           47.584          -10.057           47.151     
  42.806       -3.639           46.445           -3.649           46.455           -3.254           46.060           -4.282           47.088     
  50.980        4.535           46.445            4.378           46.602            3.519           47.461            3.834           47.146     
  10.803       -9.620           20.423           -9.678           20.481           -9.800           20.603           -9.235           20.038     
  16.515       -3.907           20.423           -3.807           20.322           -2.564           19.079           -3.460           19.975     
  24.689        4.266           20.423            4.220           20.469            4.209           20.480            4.656           20.033     
  -6.501       -9.224            2.723           -9.361            2.860          -10.141            3.640           -9.494            2.993     
  -0.789       -3.512            2.723           -3.490            2.701           -2.905            2.117           -3.718            2.930     
   7.385        4.662            2.723            4.537            2.849            3.868            3.517            4.397            2.988     
 -12.285      -10.934           -1.351          -11.065           -1.220          -11.818           -0.467          -11.151           -1.134     
  -6.573       -5.221           -1.351           -5.193           -1.379           -4.583           -1.990           -5.376           -1.197     
   1.601        2.953           -1.351            2.833           -1.232            2.191           -0.589            2.740           -1.139     
 -17.567      -11.702           -5.865          -11.840           -5.727          -12.699           -4.867          -12.011           -5.556     
 -11.855       -5.990           -5.865           -5.968           -5.886           -5.464           -6.391           -6.235           -5.619     
  -3.681        2.184           -5.865            2.058           -5.739            1.309           -4.990            1.880           -5.561     
  37.046       -9.912           46.958          -10.049           47.094          -10.959           48.004          -10.466           47.512     
  42.949       -4.008           46.958           -4.024           46.974           -3.554           46.503           -4.500           47.449     
  50.837        3.879           46.958            3.755           47.082            2.955           47.882            3.330           47.507     
  10.612      -10.312           20.924          -10.338           20.950          -10.405           21.017           -9.781           20.393     
  16.515       -4.408           20.924           -4.314           20.829           -3.001           19.516           -3.815           20.330     
  24.403        3.479           20.924            3.465           20.937            3.508           20.894            4.015           20.388     
  -6.477       -9.623            3.146           -9.733            3.256          -10.489            4.012           -9.782            3.305     
  -0.574       -3.719            3.146           -3.709            3.135           -3.084            2.511           -3.816            3.242     
   7.314        4.168            3.146            4.070            3.244            3.425            3.889            4.014            3.299     
 -12.261      -11.308           -0.953          -11.413           -0.848          -12.153           -0.108          -11.425           -0.836     
  -6.358       -5.404           -0.953           -5.389           -0.969           -4.748           -1.609           -5.459           -0.898     
   1.530        2.483           -0.953            2.390           -0.860            1.761           -0.231            2.370           -0.841     
 -17.639      -12.126           -5.513          -12.241           -5.398          -13.105           -4.534          -12.356           -5.283     
 -11.735       -6.222           -5.513           -6.217           -5.519           -5.700           -6.035           -6.390           -5.345     
  -3.848        1.665           -5.513            1.562           -5.410            0.809           -4.657            1.440           -5.288     
  38.241       -8.827           47.068           -8.943           47.184           -9.918           48.159           -9.374           47.615     
  43.499       -3.569           47.068           -3.615           47.114           -3.188           46.687           -4.054           47.554     
  51.864        4.796           47.068            4.693           47.171            3.829           48.036            4.255           47.610     
  11.472       -9.561           21.033           -9.566           21.039           -9.699           21.171           -9.023           20.495     
  16.730       -4.303           21.033           -4.238           20.968           -2.969           19.699           -3.704           20.434     
  25.096        4.063           21.033            4.070           21.026            4.048           21.048            4.605           20.490     
  -5.497       -8.744            3.247           -8.834            3.337           -9.659            4.161           -8.900            3.403     
  -0.239       -3.486            3.247           -3.506            3.267           -2.928            2.689           -3.580            3.341     
   8.126        4.879            3.247            4.802            3.324            4.088            4.038            4.729            3.398     
 -11.472      -10.617           -0.855          -10.703           -0.770          -11.512            0.040          -10.733           -0.739     
  -6.214       -5.359           -0.855           -5.374           -0.840           -4.782           -1.432           -5.414           -0.800     
   2.151        3.006           -0.855            2.934           -0.783            2.235           -0.084            2.895           -0.744     
 -16.491      -11.071           -5.421          -11.166           -5.326          -12.102           -4.390          -11.301           -5.190     
 -11.233       -5.812           -5.421           -5.837           -5.396           -5.372           -5.862           -5.982           -5.251     
  -2.868        2.553           -5.421            2.470           -5.339            1.645           -4.513            2.327           -5.195     
  48.088       -4.022           52.110           -3.763           51.851           -3.968           52.056           -2.989           51.077     
  50.813       -1.298           52.110           -1.271           52.084            0.053           50.760           -0.210           51.023     
  57.457        5.347           52.110            5.616           51.841            5.522           51.935            6.385           51.072     
  21.654       -4.407           26.061           -4.038           25.692           -3.407           25.061           -2.296           23.950     
  24.379       -1.683           26.061           -1.547           25.926            0.614           23.765            0.483           23.896     
  31.023        4.962           26.061            5.340           25.683            6.084           24.939            7.079           23.944     
   4.565       -3.028            7.593           -2.785            7.350           -3.114            7.679           -1.919            6.484     
   7.290       -0.303            7.593           -0.293            7.583            0.906            6.383            0.860            6.430     
  13.934        6.341            7.593            6.594            7.340            6.376            7.558            7.456            6.478     
  -1.410       -4.694            3.283           -4.459            3.049           -4.855            3.445           -3.639            2.228     
   1.315       -1.969            3.283           -1.967            3.282           -0.835            2.149           -0.860            2.175     
   7.959        4.675            3.283            4.920            3.039            4.635            3.324            5.735            2.223     
  -6.262       -4.558           -1.704           -4.359           -1.903           -5.048           -1.214           -3.809           -2.453     
  -3.537       -1.833           -1.704           -1.867           -1.670           -1.028           -2.510           -1.030           -2.507     
   3.107        4.811           -1.704            5.020           -1.913            4.442           -1.335            5.565           -2.458     
  53.035        2.009           51.027            2.140           50.895            1.895           51.140            2.738           50.297     
  56.644        5.618           51.027            5.653           50.991            6.880           49.765            6.405           50.240     
  60.230        9.203           51.027            9.347           50.883            9.212           51.017            9.938           50.292     
  25.335        0.369           24.966            0.609           24.725            1.196           24.138            2.171           23.163     
  28.944        3.978           24.966            4.122           24.822            6.181           22.763            5.838           23.106     
  32.529        7.563           24.966            7.816           24.713            8.513           24.015            9.370           23.158     
   8.270        1.654            6.616            1.775            6.495            1.448            6.822            2.507            5.762     
  11.879        5.263            6.616            5.288            6.591            6.432            5.446            6.173            5.705     
  15.464        8.848            6.616            8.981            6.482            8.765            6.699            9.706            5.757     
   1.888       -0.454            2.342           -0.338            2.226           -0.718            2.606            0.362            1.527     
   5.497        3.155            2.342            3.175            2.323            4.266            1.231            4.028            1.469     
   9.082        6.741            2.342            6.868            2.214            6.599            2.484            7.561            1.521     
  -3.848       -1.281           -2.567           -1.196           -2.652           -1.839           -2.009           -0.736           -3.112     
  -0.239        2.328           -2.567            2.316           -2.555            3.146           -3.385            2.930           -3.169     
   3.346        5.913           -2.567            6.010           -2.664            5.478           -2.132            6.463           -3.117     
  51.554        1.258           50.296            1.327           50.226            0.996           50.558            1.765           49.788     
  54.876        4.580           50.296            4.613           50.263            5.728           49.148            5.146           49.730     
  60.182        9.886           50.296            9.968           50.213            9.747           50.434           10.399           49.783     
  23.399       -0.832           24.231           -0.654           24.053           -0.155           23.553            0.747           22.652     
  26.721        2.490           24.231            2.632           24.089            4.578           22.143            4.127           22.593     
  32.027        7.796           24.231            7.987           24.040            8.597           23.430            9.380           22.647     
   6.071        0.099            5.971            0.164            5.907           -0.215            6.286            0.770            5.301     
   9.393        3.422            5.971            3.450            5.943            4.517            4.876            4.151            5.242     
  14.699        8.728            5.971            8.805            5.894            8.536            6.163            9.403            5.295     
   0.837       -0.887            1.724           -0.827            1.663           -1.249            2.085           -0.243            1.079     
   4.159        2.435            1.724            2.459            1.700            3.484            0.675            3.138            1.021     
   9.465        7.741            1.724            7.814            1.650            7.503            1.962            8.390            1.074     
  -4.254       -1.127           -3.127           -1.094           -3.160           -1.755           -2.499           -0.727           -3.527     
  -0.932        2.195           -3.127            2.192           -3.124            2.977           -3.909            2.654           -3.586     
   4.374        7.501           -3.127            7.547           -3.173            6.996           -2.623            7.906           -3.533     
  38.480       -5.167           43.647           -5.477           43.957           -6.545           45.025           -6.613           45.093     
  42.352       -1.295           43.647           -1.112           43.464           -0.955           43.307           -2.669           45.021     
  47.538        3.891           43.647            3.581           43.958            2.629           44.909            2.451           45.088     
  15.344       -2.370           17.714           -2.564           17.908           -2.748           18.092           -2.685           18.029     
  19.216        1.502           17.714            1.802           17.414            2.841           16.375            1.259           17.957     
  24.403        6.688           17.714            6.494           17.908            6.426           17.977            6.379           18.024     
   0.598        0.153            0.445           -0.094            0.691           -0.766            1.364           -0.621            1.219     
   4.469        4.025            0.444            4.272            0.197            4.823           -0.354            3.322            1.147     
   9.656        9.211            0.445            8.964            0.692            8.408            1.248            8.442            1.214     
  -3.394        0.095           -3.488           -0.137           -3.257           -0.728           -2.666           -0.563           -2.831     
   0.478        3.967           -3.489            4.228           -3.750            4.861           -4.383            3.380           -2.902     
   5.664        9.153           -3.488            8.921           -3.256            8.446           -2.781            8.500           -2.835     
  -7.457        0.292           -7.749            0.069           -7.526           -0.528           -6.929           -0.343           -7.114     
  -3.585        4.164           -7.749            4.434           -8.020            5.061           -8.646            3.601           -7.186     
   1.601        9.350           -7.749            9.127           -7.525            8.646           -7.044            8.721           -7.119     
  45.889       -3.232           49.121           -3.326           49.215           -3.188           49.077           -2.873           48.762     
  48.518       -0.603           49.121           -0.268           48.787            1.120           47.398           -0.174           48.692     
  53.537        4.416           49.121            4.329           49.209            4.579           48.958            4.780           48.757     
  20.555       -2.500           23.055           -2.486           23.040           -1.518           22.073           -1.071           21.626     
  23.184        0.129           23.055            0.571           22.612            2.790           20.393            1.628           21.556     
  28.203        5.148           23.055            5.168           23.034            6.249           21.953            6.582           21.621     
   5.019        0.136            4.883            0.043            4.976            0.166            4.853            0.697            4.322     
   7.648        2.766            4.883            3.100            4.548            4.475            3.173            3.396            4.252     
  12.667        7.785            4.883            7.697            4.970            7.934            4.733            8.351            4.317     
  -0.478       -1.143            0.665           -1.238            0.760           -1.146            0.668           -0.594            0.116     
   2.151        1.487            0.664            1.819            0.332            3.163           -1.012            2.105            0.046     
   7.170        6.506            0.665            6.416            0.754            6.622            0.549            7.059            0.111     
  -5.975       -1.854           -4.121           -1.973           -4.002           -2.094           -3.881           -1.521           -4.455     
  -3.346        0.775           -4.121            1.084           -4.430            2.214           -5.560            1.178           -4.525     
   1.673        5.794           -4.121            5.681           -4.008            5.673           -4.000            6.133           -4.460     
  11.711       -9.366           21.077           -9.369           21.081           -9.490           21.201           -8.812           20.524     
  16.730       -4.346           21.077           -4.279           21.010           -2.998           19.729           -3.732           20.462     
  25.335        4.258           21.077            4.267           21.068            4.257           21.078            4.816           20.519     
  -5.497       -8.781            3.283           -8.869            3.372           -9.684            4.187           -8.924            3.427     
  -0.478       -3.761            3.283           -3.779            3.301           -3.193            2.715           -3.844            3.366     
   8.126        4.843            3.283            4.767            3.359            4.062            4.064            4.704            3.422     
 -11.711      -10.890           -0.821          -10.975           -0.737          -11.776            0.064          -10.995           -0.716     
  -6.692       -5.871           -0.821           -5.884           -0.808           -5.284           -1.408           -5.915           -0.777     
   1.912        2.733           -0.821            2.662           -0.750            1.971           -0.059            2.633           -0.721     
 -16.252      -10.861           -5.391          -10.956           -5.297          -11.885           -4.367          -11.083           -5.169     
 -11.233       -5.842           -5.391           -5.866           -5.368           -5.394           -5.840           -6.003           -5.231     
  -2.629        2.762           -5.391            2.681           -5.310            1.861           -4.491            2.545           -5.174     
  35.875      -10.950           46.825          -11.103           46.978          -11.979           47.853          -11.527           47.402     
  41.659       -5.166           46.825           -5.161           46.820           -4.672           46.330           -5.680           47.339     
  50.191        3.366           46.825            3.225           46.966            2.461           47.731            2.794           47.397     
  11.018       -9.775           20.793           -9.817           20.835           -9.849           20.867           -9.266           20.284     
  16.802       -3.991           20.793           -3.875           20.677           -2.542           19.344           -3.419           20.221     
  25.335        4.542           20.793            4.511           20.823            4.590           20.744            5.056           20.279     
  -6.023       -9.053            3.030           -9.178            3.155           -9.893            3.870           -9.227            3.204     
  -0.239       -3.269            3.030           -3.236            2.997           -2.586            2.347           -3.379            3.140     
   8.294        5.264            3.030            5.150            3.143            4.546            3.747            5.095            3.199     
  40.320       -7.449           47.769           -7.551           47.872           -8.248           48.569           -7.722           48.043     
  45.817       -1.951           47.769           -1.929           47.747           -1.248           47.065           -2.162           47.980     
  54.087        6.318           47.769            6.228           47.859            5.642           48.446            6.050           48.037     
  14.508       -7.211           21.718           -7.204           21.712           -7.065           21.572           -6.407           20.914     
  20.005       -1.714           21.718           -1.582           21.587           -0.064           20.069           -0.847           20.852     
  28.274        6.556           21.718            6.575           21.699            6.825           21.449            7.365           20.909     
  -3.346       -7.154            3.808           -7.240            3.894           -7.841            4.495           -7.100            3.754     
   2.151       -1.657            3.808           -1.618            3.769           -0.840            2.991           -1.540            3.691     
  10.421        6.613            3.808            6.540            3.881            6.049            4.372            6.672            3.749     
  -8.676       -8.344           -0.332           -8.427           -0.249           -9.028            0.352           -8.267           -0.409     
  -3.179       -2.846           -0.332           -2.805           -0.374           -2.028           -1.151           -2.707           -0.471     
   5.091        5.423           -0.332            5.352           -0.262            4.861            0.229            5.505           -0.414     
 -13.934       -8.965           -4.969           -9.063           -4.871           -9.819           -4.115           -9.036           -4.898     
  -8.437       -3.468           -4.969           -3.441           -4.996           -2.818           -5.619           -3.476           -4.961     
  -0.167        4.801           -4.969            4.717           -4.884            4.071           -4.238            4.736           -4.903     
  37.906       -1.745           39.652           -2.137           40.043           -3.702           41.609           -4.344           42.251     
  41.539        1.888           39.651            2.237           39.302            1.791           39.748           -0.634           42.173     
  47.156        7.504           39.652            7.094           40.062            5.652           41.504            4.910           42.246     
  16.539        2.584           13.955            2.323           14.216            1.734           14.805            1.223           15.316     
  20.172        6.217           13.955            6.697           13.475            7.227           12.945            4.933           15.239     
  25.789       11.833           13.955           11.554           14.235           11.088           14.701           10.477           15.312     
   0.860        3.422           -2.561            3.154           -2.294            2.374           -1.513            1.942           -1.082     
   4.493        7.055           -2.561            7.528           -3.034            7.867           -3.374            5.653           -1.159     
  10.110       12.671           -2.561           12.384           -2.275           11.728           -1.618           11.196           -1.086     
  -4.374        1.870           -6.244            1.633           -6.007            1.033           -5.407            0.621           -4.994     
  -0.741        5.503           -6.244            6.006           -6.747            6.526           -7.267            4.331           -5.072     
   4.876       11.120           -6.244           10.863           -5.988           10.387           -5.512            9.875           -4.999     
  -9.656        0.437          -10.093            0.234           -9.889           -0.210           -9.446           -0.603           -9.053     
  -6.023        4.070          -10.093            4.607          -10.630            5.283          -11.306            3.108           -9.131     
  -0.406        9.687          -10.093            9.464           -9.870            9.144           -9.550            8.651           -9.057     

Statistical Summary dG-+
                     allparams_bound                     gamma_bound                      simple_unbound                      zeta_bound             
Unsigned Error             -0.000                            0.001                             0.000                             0.000                
RMSD                       5.961                             5.977                             6.084                             6.023                
CV                         5.140                             5.159                             5.130                             5.187                
AIC                       676.100                           673.136                           675.688                           675.982               
dAIC                       2.964                             0.000                             2.553                             2.846                
AICc                     676.569                           673.357                           675.754                           676.203               
dAICc                     3.212                             0.000                             2.397                             2.846                
