RESULTS

For the following solvents:
water  MeOH  EtOH  1PrOH  DMSO  DMA  DMF  PC  ACE  BuOH  EG  FA  MeCN  
We considered all the salts that could be formed with the following cations and anions:
Cations: Li  Na  K  Rb  Cs  
Anions: Cl  Br  I  

dHs
                     allparams_bound                     gamma_bound                      simple_unbound                      zeta_bound             
Ref dHs        error            result           error            result           error            result           error            result        
  -8.850        0.056           -8.906            2.330          -11.180           -6.713           -2.137            0.060           -8.911     
 -11.670       -0.219          -11.451           -0.818          -10.852          -10.299           -1.372            0.448          -12.119     
 -15.120       -1.983          -13.136           -0.411          -14.709          -12.696           -2.424           -3.426          -11.693     
   0.928       -0.103            1.031            1.739           -0.811            3.027           -2.099           -0.333            1.261     
  -0.144        0.820           -0.964           -0.073           -0.071            1.122           -1.266            1.278           -1.422     
  -1.800        1.666           -3.466            2.740           -4.540            0.619           -2.419           -0.023           -1.777     
   4.115       -0.045            4.160            1.693            2.422            6.606           -2.491           -0.183            4.298     
   4.751        2.742            2.009            1.706            3.045            6.428           -1.677            3.284            1.467     
   4.859        4.993           -0.134            6.013           -1.154            7.644           -2.785            3.404            1.455     
   4.070       -0.613            4.683            0.864            3.206            6.673           -2.603           -0.816            4.887     
   5.229        2.658            2.571            1.370            3.859            7.014           -1.784            3.137            2.092     
   6.561        6.149            0.411            6.914           -0.354            9.456           -2.895            4.497            2.064     
   4.209        0.051            4.158            1.079            3.130            7.066           -2.857           -0.234            4.443     
   6.212        4.368            1.844            2.581            3.631            8.275           -2.063            4.757            1.455     
   7.918        7.857            0.061            8.217           -0.299           11.046           -3.127            6.131            1.787     
 -11.479        0.371          -11.851            1.781          -13.260           -8.520           -2.959            0.778          -12.257     
 -14.897       -1.696          -13.201           -2.472          -12.425          -12.787           -2.110           -1.456          -13.441     
 -19.661       -3.525          -16.135           -2.849          -16.812          -16.411           -3.250           -4.529          -15.132     
  -2.705       -1.132           -1.573           -0.019           -2.686            0.183           -2.888           -0.920           -1.785     
  -4.375       -2.001           -2.373           -2.936           -1.439           -2.404           -1.971           -1.931           -2.444     
  -7.345       -1.220           -6.124           -0.907           -6.438           -4.134           -3.211           -2.430           -4.914     
   0.936       -2.009            2.945           -0.445            1.381            4.078           -3.142           -1.543            2.479     
   0.975       -1.015            1.989           -1.537            2.512            3.219           -2.245           -0.697            1.672     
  -0.232        1.171           -1.403            1.986           -2.218            3.209           -3.440            0.224           -0.456     
   1.346       -2.581            3.926           -1.095            2.441            4.555           -3.209           -2.126            3.471     
   1.907       -1.102            3.009           -1.693            3.600            4.214           -2.307           -0.793            2.701     
   1.924        2.324           -0.400            3.067           -1.143            5.429           -3.505            1.368            0.556     
   1.891       -2.305            4.196           -0.951            2.842            5.275           -3.385           -1.838            3.729     
   3.296        0.220            3.076           -0.553            3.849            5.803           -2.507            0.531            2.765     
   3.688        3.644            0.044            4.298           -0.610            7.347           -3.659            2.707            0.981     
 -11.240        1.040          -12.280            2.284          -13.524           -8.192           -3.049            1.514          -12.755     
 -15.207       -1.676          -13.532           -2.560          -12.647          -13.014           -2.193           -1.435          -13.772     
 -20.043       -3.477          -16.566           -2.967          -17.076          -16.704           -3.339           -4.411          -15.632     
  -1.271        0.711           -1.982            1.667           -2.938            1.705           -2.975            0.994           -2.265     
  -3.490       -0.806           -2.684           -1.841           -1.649           -1.438           -2.052           -0.732           -2.758     
  -6.532        0.003           -6.535            0.158           -6.690           -3.233           -3.299           -1.135           -5.397     
   1.868       -0.800            2.668            0.660            1.209            5.085           -3.217           -0.247            2.116     
   1.357       -0.453            1.811           -1.024            2.381            3.670           -2.313           -0.118            1.475     
   0.079        1.760           -1.681            2.470           -2.391            3.594           -3.515            0.901           -0.822     
   3.162       -0.529            3.691            0.868            2.294            6.442           -3.280            0.017            3.145     
   3.174        0.301            2.873           -0.321            3.495            5.545           -2.371            0.633            2.541     
   3.119        3.756           -0.637            4.409           -1.290            6.694           -3.575            2.892            0.227     
   3.826       -0.213            4.039            1.085            2.741            7.274           -3.447            0.355            3.472     
   4.682        1.664            3.018            0.891            3.791            7.246           -2.563            2.008            2.674     
   5.002        5.117           -0.114            5.714           -0.711            8.724           -3.722            4.282            0.721     
 -11.503        0.643          -12.146            2.004          -13.507           -8.440           -3.063            1.123          -12.626     
 -14.658       -1.389          -13.269           -2.082          -12.576          -12.459           -2.198           -1.232          -13.425     
 -20.378       -3.944          -16.433           -3.317          -17.060          -17.024           -3.354           -4.872          -15.506     
  -1.725        0.122           -1.847            1.196           -2.920            1.265           -2.989            0.410           -2.135     
  -3.132       -0.712           -2.420           -1.555           -1.577           -1.075           -2.057           -0.722           -2.409     
  -7.058       -0.657           -6.401           -0.384           -6.673           -3.745           -3.313           -1.789           -5.269     
   1.486       -1.331            2.817            0.252            1.234            4.716           -3.230           -0.772            2.258     
   1.787       -0.301            2.089           -0.674            2.461            4.104           -2.316           -0.048            1.835     
  -0.375        1.158           -1.533            1.991           -2.366            3.153           -3.528            0.307           -0.682     
   2.918       -1.286            4.204            0.142            2.777            6.377           -3.459           -0.709            3.628     
   4.587        1.275            3.312            0.706            3.881            7.152           -2.566            1.538            3.048     
   4.022        3.973            0.050            4.699           -0.677            7.755           -3.733            3.148            0.875     
 -10.715        6.537          -17.251            5.735          -16.449           -6.742           -3.972            7.812          -18.526     
 -17.191        0.406          -17.597           -2.003          -15.188          -14.138           -3.053            0.818          -18.010     
 -24.369       -2.839          -21.530           -4.371          -19.998          -20.107           -4.262           -2.979          -21.390     
  -1.414        5.514           -6.928            4.434           -5.848            2.482           -3.896            6.600           -8.014     
  -6.143        0.581           -6.724           -1.968           -4.175           -3.233           -2.910            0.829           -6.972     
 -11.527       -0.054          -11.473           -1.930           -9.597           -7.308           -4.219           -0.394          -11.133     
   0.171        1.277           -1.106            1.168           -0.997            4.194           -4.022            2.770           -2.598     
  -2.849       -1.792           -1.057           -3.409            0.560            0.205           -3.055           -1.144           -1.705     
  -6.470       -1.023           -5.447           -1.877           -4.593           -2.150           -4.320           -0.947           -5.523     
  -0.280       -0.554            0.274           -0.582            0.302            3.770           -4.050            0.975           -1.255     
  -2.777       -3.138            0.361           -4.665            1.888            0.300           -3.077           -2.453           -0.325     
  -5.174       -1.128           -4.046           -1.896           -3.278           -0.830           -4.345           -1.015           -4.159     
   0.839       -0.509            1.348           -0.347            1.186            4.985           -4.146            1.126           -0.287     
  -0.815       -2.047            1.232           -3.435            2.620            2.384           -3.199           -1.264            0.449     
  -2.837       -0.039           -2.798           -0.574           -2.263            1.583           -4.420            0.188           -3.025     
   0.115        6.193           -6.078            5.395           -5.279            3.818           -3.702            7.085           -6.970     
  -5.354        0.870           -6.224           -1.600           -3.755           -2.614           -2.740            1.168           -6.522     
 -11.288       -0.658          -10.630           -2.257           -9.032           -7.262           -4.026           -1.186          -10.102     
   2.060        2.517           -0.457            2.609           -0.550            5.908           -3.848            3.792           -1.733     
  -1.702       -0.943           -0.759           -2.560            0.858            1.203           -2.905           -0.269           -1.433     
  -5.872       -1.066           -4.806           -1.723           -4.149           -1.726           -4.147           -1.202           -4.670     
   1.675       -0.128            1.804            0.158            1.517            5.666           -3.991            1.267            0.408     
  -0.719       -2.057            1.338           -3.522            2.802            2.349           -3.068           -1.271            0.551     
  -3.291       -0.942           -2.349           -1.356           -1.935            0.974           -4.265           -0.949           -2.342     
  -9.806        5.939          -15.745            5.678          -15.485           -6.157           -3.650            6.904          -16.710     
 -16.426        0.168          -16.594           -1.989          -14.437          -13.660           -2.766            0.620          -17.046     
 -24.011       -3.978          -20.033           -4.973          -19.037          -20.070           -3.941           -4.420          -19.590     
  -2.107        3.287           -5.394            2.759           -4.867            1.464           -3.571            4.066           -6.174     
  -6.980       -1.286           -5.694           -3.573           -3.407           -4.360           -2.620           -0.995           -5.985     
 -12.770       -2.822           -9.949           -4.150           -8.620           -8.875           -3.895           -3.462           -9.308     
  -0.856       -0.929            0.073           -0.627           -0.229            2.876           -3.732            0.215           -1.072     
  -4.021       -3.639           -0.382           -5.135            1.114           -1.221           -2.800           -2.989           -1.031     
  -8.047       -3.770           -4.278           -4.218           -3.829           -4.017           -4.031           -4.035           -4.012     
  -0.686       -2.034            1.348           -1.693            1.007            3.084           -3.770           -0.866            0.180     
  -3.327       -4.259            0.932           -5.706            2.379           -0.494           -2.833           -3.584            0.257     
  -6.131       -3.149           -2.982           -3.553           -2.577           -2.065           -4.066           -3.390           -2.740     
   0.002       -2.188            2.190           -1.749            1.752            3.891           -3.889           -0.940            0.943     
  -1.795       -3.366            1.571           -4.767            2.972            1.182           -2.977           -2.621            0.826     
  -4.223       -2.259           -1.965           -2.522           -1.701           -0.060           -4.163           -2.413           -1.811     
  -1.919        8.553          -10.472           10.245          -12.164            0.580           -2.499            8.743          -10.662     
  -7.368        5.310          -12.678            4.325          -11.693           -5.658           -1.710            5.929          -13.297     
 -14.833       -0.108          -14.725            0.870          -15.702          -12.045           -2.787           -1.349          -13.484     
   4.680        5.026           -0.345            6.362           -1.681            7.123           -2.443            5.004           -0.324     
   0.979        2.982           -2.002            1.777           -0.797            2.565           -1.586            3.413           -2.434     
  -4.692        0.174           -4.866            0.728           -5.420           -1.928           -2.764           -1.291           -3.400     
   4.999        1.557            3.442            3.052            1.947            7.769           -2.769            1.704            3.296     
   3.006        1.377            1.630            0.292            2.715            4.938           -1.932            1.969            1.037     
  -0.901       -0.027           -0.874            0.737           -1.639            2.164           -3.066           -1.314            0.413     
   4.381        0.198            4.183            1.518            2.863            7.241           -2.860            0.305            4.076     
   2.911        0.501            2.410           -0.748            3.659            4.928           -2.017            1.057            1.855     
   0.227        0.339           -0.112            0.934           -0.707            3.380           -3.153           -0.987            1.214     
   3.898       -0.125            4.023            0.893            3.006            6.976           -3.078           -0.056            3.954     
   3.272        1.225            2.047           -0.378            3.650            5.532           -2.260            1.733            1.539     
   0.963        1.060           -0.097            1.396           -0.433            4.313           -3.350           -0.296            1.259     
   0.044        2.069           -2.025            2.965           -2.921            3.000           -2.956            2.342           -2.299     
 -11.025        2.297          -13.322            3.037          -14.062           -7.826           -3.199            2.898          -13.924     
 -13.319        1.265          -14.584           -0.129          -13.190          -10.975           -2.344            1.640          -14.959     
 -18.537       -0.929          -17.608           -0.923          -17.614          -15.047           -3.490           -1.736          -16.801     
  -3.326       -0.330           -2.996            0.133           -3.459           -0.203           -3.123            0.083           -3.409     
  -3.873       -0.164           -3.709           -1.698           -2.175           -1.672           -2.201            0.047           -3.920     
  -7.297        0.252           -7.549           -0.085           -7.212           -3.850           -3.447           -0.755           -6.542     
  -0.665       -2.544            1.879           -1.488            0.822            2.677           -3.342           -1.835            1.170     
   0.497       -0.514            1.011           -1.494            1.990            2.936           -2.439           -0.014            0.511     
  -1.164        1.307           -2.471            1.613           -2.777            2.477           -3.641            0.604           -1.768     
  -0.901       -3.873            2.972           -2.851            1.949            2.497           -3.398           -3.162            2.261     
   0.784       -1.359            2.143           -2.362            3.146            3.274           -2.490           -0.855            1.639     
   0.347        1.703           -1.356            1.981           -1.634            4.041           -3.694            1.003           -0.657     
  -0.762       -4.213            3.450           -3.238            2.476            2.791           -3.553           -3.465            2.703     
   1.766       -0.652            2.418           -1.754            3.520            4.436           -2.670           -0.121            1.887     
   1.704        2.407           -0.703            2.681           -0.977            5.532           -3.828            1.753           -0.048     
  -7.177        0.486           -7.663            3.201          -10.379           -5.352           -1.825            0.356           -7.533     
 -12.961       -2.460          -10.501           -2.786          -10.175          -11.881           -1.080           -1.723          -11.237     
 -20.449       -8.581          -11.868           -6.553          -13.896          -18.339           -2.110          -10.176          -10.274     
   2.984        0.922            2.061            3.120           -0.137            4.792           -1.808            0.533            2.450     
  -1.052       -0.826           -0.227           -1.531            0.479           -0.057           -0.995           -0.323           -0.729     
  -6.747       -4.337           -2.410           -2.892           -3.855           -4.621           -2.126           -6.202           -0.545     
   3.422       -1.149            4.571            0.698            2.724            5.683           -2.261           -1.520            4.942     
   1.094       -1.033            2.128           -2.129            3.223            2.562           -1.467           -0.520            1.614     
  -2.837       -3.140            0.303           -1.996           -0.841           -0.283           -2.554           -4.978            2.141     
   2.971       -1.917            4.888           -0.414            3.385            5.364           -2.394           -2.377            5.348     
   1.166       -1.317            2.483           -2.747            3.913            2.761           -1.595           -0.891            2.057     
  -1.542       -2.183            0.641           -1.377           -0.165            1.142           -2.684           -4.109            2.567     
   2.751       -1.279            4.030           -0.357            3.108            5.431           -2.681           -1.858            4.609     
   1.790        0.368            1.422           -1.694            3.484            3.697           -1.907            0.665            1.125     
  -0.543       -0.500           -0.042           -0.232           -0.310            2.407           -2.949           -2.538            1.996     

Statistical Summary dHs
                     allparams_bound                     gamma_bound                      simple_unbound                      zeta_bound             
Unsigned Error             0.000                             0.000                             0.000                             -0.000               
RMSD                       2.619                             2.876                             6.878                             2.754                
CV                         1.992                             2.325                             5.515                             2.043                
AIC                       285.428                           308.012                           551.666                           295.699               
dAIC                       0.000                             22.584                           266.237                            10.271               
AICc                     286.051                           308.304                           551.752                           295.991               
dAICc                     0.000                             22.253                           265.701                            9.941                


dH-+
                     allparams_bound                     gamma_bound                      simple_unbound                      zeta_bound             
Ref dH-+       error            result           error            result           error            result           error            result        
  39.197      -10.460           49.657          -10.619           49.816           -9.984           49.181          -10.397           49.594     
  46.606       -2.876           49.482           -2.635           49.241           -0.658           47.264           -2.988           49.594     
  57.361        7.701           49.660            7.533           49.829            8.298           49.063            7.768           49.594     
  11.711       -9.014           20.725           -9.106           20.817           -8.758           20.469           -8.982           20.693     
  19.120       -1.430           20.551           -1.122           20.243            0.568           18.552           -1.573           20.693     
  29.876        9.147           20.729            9.046           20.830            9.524           20.352            9.182           20.693     
  -7.887      -10.863            2.976          -10.988            3.101          -10.708            2.821          -10.816            2.929     
  -0.478       -3.279            2.801           -3.004            2.526           -1.382            0.904           -3.407            2.929     
  10.277        7.298            2.980            7.163            3.114            7.574            2.703            7.348            2.929     
 -14.101      -12.815           -1.286          -12.934           -1.168          -12.692           -1.410          -12.772           -1.330     
  -6.692       -5.232           -1.461           -4.949           -1.743           -3.366           -3.327           -5.363           -1.330     
   4.063        5.346           -1.282            5.218           -1.155            5.591           -1.528            5.393           -1.330     
 -20.077      -14.332           -5.745          -14.450           -5.626          -14.237           -5.839          -14.288           -5.789     
 -12.667       -6.748           -5.919           -6.466           -6.201           -4.911           -7.756           -6.879           -5.789     
  -1.912        3.829           -5.741            3.701           -5.613            4.045           -5.957            3.877           -5.789     
  45.602       -7.833           53.435           -7.952           53.554           -8.242           53.844           -7.774           53.377     
  52.414       -0.917           53.331           -0.839           53.253            0.198           52.216           -0.963           53.377     
  61.855        8.420           53.435            8.300           53.554            8.142           53.713            8.478           53.377     
  19.120       -5.268           24.388           -5.325           24.445           -5.895           25.016           -5.238           24.359     
  25.932        1.648           24.284            1.788           24.144            2.544           23.388            1.573           24.359     
  35.373       10.985           24.388           10.927           24.446           10.488           24.885           11.014           24.359     
  -0.932       -7.101            6.169           -7.211            6.279           -7.824            6.892           -7.047            6.115     
   5.880       -0.185            6.065           -0.098            5.977            0.616            5.264           -0.236            6.115     
  15.320        9.151            6.169            9.041            6.279            8.560            6.761            9.205            6.115     
  -7.600       -9.353            1.752           -9.462            1.862          -10.104            2.504           -9.299            1.699     
  -0.789       -2.437            1.648           -2.349            1.560           -1.665            0.876           -2.487            1.699     
   8.652        6.900            1.752            6.790            1.862            6.279            2.373            6.953            1.699     
 -13.982      -11.006           -2.975          -11.128           -2.854          -11.784           -2.198          -10.947           -3.034     
  -7.170       -4.091           -3.080           -4.015           -3.156           -3.344           -3.826           -4.136           -3.034     
   2.271        5.246           -2.975            5.124           -2.854            4.600           -2.329            5.305           -3.034     
  46.463       -7.352           53.815           -7.460           53.923           -7.831           54.294           -7.297           53.760     
  52.725       -0.992           53.716           -0.919           53.644            0.035           52.690           -1.035           53.760     
  62.094        8.279           53.815            8.171           53.923            7.931           54.162            8.334           53.760     
  18.786       -5.975           24.761           -6.022           24.807           -6.673           25.459           -5.949           24.735     
  25.048        0.385           24.663            0.519           24.528            1.193           23.855            0.313           24.735     
  34.417        9.656           24.761            9.609           24.807            9.090           25.327            9.682           24.735     
  -0.765       -7.262            6.497           -7.363            6.598           -8.054            7.289           -7.211            6.446     
   5.497       -0.902            6.399           -0.822            6.319           -0.188            5.685           -0.949            6.446     
  14.866        8.369            6.497            8.268            6.598            7.709            7.158            8.420            6.446     
  -8.317      -10.384            2.066          -10.485            2.167          -11.204            2.887          -10.332            2.015     
  -2.055       -4.023            1.968           -3.944            1.888           -3.338            1.283           -4.070            2.015     
   7.314        5.247            2.066            5.146            2.167            4.558            2.755            5.299            2.015     
 -14.818      -12.130           -2.688          -12.245           -2.574          -12.976           -1.842          -12.073           -2.745     
  -8.556       -5.770           -2.786           -5.704           -2.853           -5.110           -3.446           -5.811           -2.745     
   0.813        3.500           -2.688            3.387           -2.574            2.786           -1.973            3.558           -2.745     
  45.339       -8.584           53.923           -8.689           54.029           -9.119           54.459           -8.528           53.868     
  52.414       -1.419           53.833           -1.365           53.779           -0.472           52.886           -1.454           53.868     
  60.899        6.975           53.923            6.870           54.028            6.572           54.327            7.031           53.868     
  17.854       -7.015           24.869           -7.059           24.913           -7.769           25.623           -6.989           24.842     
  24.928        0.150           24.778            0.265           24.663            0.878           24.050            0.086           24.842     
  33.413        8.544           24.869            8.501           24.913            7.922           25.491            8.571           24.842     
  -1.769       -8.369            6.601           -8.468            6.699           -9.217            7.449           -8.317            6.549     
   5.306       -1.204            6.510           -1.144            6.450           -0.570            5.876           -1.243            6.549     
  13.791        7.190            6.601            7.092            6.699            6.474            7.317            7.242            6.549     
 -15.296      -12.707           -2.590          -12.818           -2.478          -13.609           -1.688          -12.648           -2.648     
  -8.222       -5.541           -2.681           -5.494           -2.728           -4.961           -3.260           -5.574           -2.648     
   0.263        2.853           -2.590            2.741           -2.478            2.082           -1.819            2.911           -2.648     
  50.621       -6.934           57.555           -6.892           57.513           -8.001           58.623           -6.931           57.552     
  54.374       -3.137           57.511           -3.068           57.442           -2.864           57.238           -3.178           57.552     
  61.401        3.845           57.556            3.886           57.515            2.907           58.493            3.849           57.552     
  23.614       -4.880           28.493           -4.776           28.390           -6.165           29.779           -4.905           28.518     
  27.366       -1.082           28.449           -0.952           28.318           -1.028           28.394           -1.152           28.518     
  34.393        5.899           28.494            6.001           28.392            4.744           29.649            5.875           28.518     
   5.617       -4.216            9.833           -4.184            9.801           -5.591           11.208           -4.208            9.825     
   9.369       -0.419            9.788           -0.360            9.729           -0.454            9.823           -0.456            9.825     
  16.396        6.562            9.834            6.593            9.802            5.318           11.078            6.571            9.825     
  -0.191       -5.473            5.281           -5.446            5.255           -6.875            6.683           -5.462            5.271     
   3.561       -1.675            5.237           -1.622            5.183           -1.737            5.299           -1.710            5.271     
  10.588        5.306            5.282            5.332            5.256            4.034            6.554            5.317            5.271     
  -7.146       -7.428            0.282           -7.424            0.278           -8.852            1.706           -7.407            0.260     
  -3.394       -3.631            0.237           -3.600            0.206           -3.715            0.321           -3.654            0.260     
   3.633        3.351            0.282            3.353            0.280            2.057            1.576            3.373            0.260     
  29.541        1.870           27.671            1.929           27.612            0.748           28.793            1.858           27.683     
  32.553        4.947           27.606            5.093           27.460            5.229           27.324            4.869           27.683     
  39.030       11.358           27.672           11.418           27.612           10.368           28.662           11.346           27.683     
  11.185        2.106            9.079            2.098            9.088            0.894           10.291            2.126            9.060     
  14.197        5.183            9.014            5.261            8.936            5.375            8.822            5.137            9.060     
  20.674       11.595            9.079           11.586            9.088           10.514           10.160           11.614            9.060     
  -0.526       -0.119           -0.407           -0.154           -0.372           -1.381            0.855           -0.087           -0.438     
   2.486        2.958           -0.472            3.010           -0.524            3.100           -0.614            2.924           -0.438     
   8.963        9.369           -0.407            9.335           -0.372            8.239            0.724            9.401           -0.438     
  50.382       -5.824           56.207           -5.848           56.231           -6.639           57.022           -5.801           56.183     
  53.991       -2.141           56.132           -2.052           56.044           -1.524           55.515           -2.192           56.183     
  60.612        4.405           56.207            4.382           56.230            3.722           56.890            4.429           56.183     
  24.976       -2.159           27.135           -2.122           27.098           -3.192           28.168           -2.164           27.140     
  28.585        1.524           27.061            1.674           26.911            1.923           26.662            1.445           27.140     
  35.206        8.070           27.135            8.108           27.098            7.169           28.037            8.066           27.140     
   7.314       -1.281            8.595           -1.311            8.624           -2.405            9.719           -1.255            8.569     
  10.923        2.402            8.521            2.485            8.437            2.710            8.212            2.354            8.569     
  17.543        8.948            8.595            8.919            8.624            7.956            9.587            8.974            8.569     
   0.884       -3.195            4.079           -3.228            4.112           -4.346            5.230           -3.167            4.051     
   4.493        0.489            4.004            0.568            3.925            0.770            3.724            0.442            4.051     
  11.114        7.035            4.079            7.002            4.111            6.015            5.099            7.063            4.051     
  -5.641       -4.798           -0.842           -4.851           -0.789           -5.973            0.332           -4.761           -0.880     
  -2.032       -1.115           -0.917           -1.055           -0.976           -0.857           -1.174           -1.152           -0.880     
   4.589        5.431           -0.842            5.379           -0.790            4.389            0.200            5.469           -0.880     
  44.790       -6.468           51.257           -6.614           51.403           -6.320           51.110           -6.408           51.197     
  49.570       -1.533           51.103           -1.336           50.906            0.295           49.275           -1.627           51.197     
  56.310        5.050           51.259            4.899           51.411            5.323           50.986            5.113           51.197     
  20.483       -1.779           22.262           -1.861           22.344           -1.851           22.333           -1.749           22.232     
  25.263        3.156           22.107            3.417           21.846            4.765           20.498            3.031           22.232     
  32.003        9.739           22.264            9.652           22.351            9.793           22.210            9.771           22.232     
   3.752       -0.537            4.290           -0.661            4.414           -0.707            4.460           -0.488            4.240     
   8.533        4.397            4.135            4.616            3.916            5.908            2.625            4.293            4.240     
  15.272       10.981            4.292           10.851            4.421           10.936            4.336           11.032            4.240     
  -1.888       -1.842           -0.046           -1.962            0.074           -2.042            0.154           -1.794           -0.094     
   2.892        3.093           -0.201            3.315           -0.423            4.573           -1.681            2.986           -0.094     
   9.632        9.676           -0.044            9.550            0.082            9.601            0.031            9.726           -0.094     
  -7.242       -2.614           -4.628           -2.740           -4.502           -2.841           -4.401           -2.563           -4.679     
  -2.462        2.321           -4.783            2.538           -5.000            3.774           -6.236            2.217           -4.679     
   4.278        8.904           -4.626            8.773           -4.495            8.802           -4.524            8.957           -4.679     
  21.104       -3.542           24.646           -3.591           24.695           -4.194           25.298           -3.516           24.621     
  39.747      -14.626           54.372          -14.715           54.462          -15.150           54.896          -14.580           54.326     
  47.682       -6.592           54.274           -6.498           54.180           -5.608           53.290           -6.645           54.326     
  56.668        2.296           54.373            2.207           54.462            1.903           54.765            2.342           54.326     
  14.340      -10.969           25.309          -10.997           25.337          -11.711           26.052          -10.951           25.292     
  22.275       -2.935           25.211           -2.781           25.056           -2.170           24.445           -3.016           25.292     
  31.262        5.952           25.310            5.925           25.337            5.342           25.920            5.970           25.292     
  -4.732      -11.702            6.970          -11.787            7.055          -12.537            7.805          -11.657            6.925     
   3.203       -3.668            6.871           -3.571            6.774           -2.996            6.199           -3.722            6.925     
  12.189        5.220            6.970            5.134            7.055            4.516            7.674            5.264            6.925     
 -10.755      -13.270            2.515          -13.357            2.602          -14.134            3.379          -13.225            2.470     
  -2.820       -5.236            2.416           -5.141            2.320           -4.593            1.772           -5.290            2.470     
   6.166        3.651            2.515            3.565            2.602            2.919            3.247            3.697            2.470     
 -16.730      -14.447           -2.283          -14.549           -2.182          -15.336           -1.395          -14.395           -2.335     
  -8.795       -6.413           -2.382           -6.332           -2.463           -5.794           -3.001           -6.460           -2.335     
   0.191        2.474           -2.283            2.373           -2.182            1.717           -1.526            2.526           -2.335     
  47.084       -1.160           48.245           -1.320           48.404           -0.376           47.460           -1.099           48.183     
  51.530        3.477           48.053            3.768           47.762            6.057           45.472            3.347           48.183     
  58.246        9.996           48.249            9.823           48.423           10.897           47.348           10.063           48.183     
  19.216       -0.169           19.385           -0.259           19.475            0.395           18.821           -0.140           19.356     
  23.662        4.469           19.193            4.829           18.833            6.828           16.834            4.306           19.356     
  30.378       10.988           19.390           10.885           19.493           11.668           18.710           11.022           19.356     
   2.366        0.521            1.845            0.407            1.959            0.981            1.385            0.561            1.805     
   6.812        5.159            1.653            5.495            1.317            7.414           -0.602            5.007            1.805     
  13.528       11.678            1.850           11.551            1.977           12.254            1.274           11.723            1.805     
  -3.442       -1.095           -2.347           -1.199           -2.243           -0.667           -2.775           -1.059           -2.382     
   1.004        3.543           -2.539            3.889           -2.885            5.766           -4.763            3.386           -2.382     
   7.720       10.062           -2.342            9.945           -2.225           10.606           -2.886           10.102           -2.382     
  -9.058       -2.365           -6.693           -2.465           -6.594           -1.968           -7.090           -2.332           -6.726     
  -4.613        2.272           -6.885            2.623           -7.236            4.465           -9.078            2.114           -6.726     
   2.103        8.792           -6.688            8.678           -6.575            9.305           -7.202            8.830           -6.726     

Statistical Summary dH-+
                     allparams_bound                     gamma_bound                      simple_unbound                      zeta_bound             
Unsigned Error             0.000                             -0.007                            -0.000                            0.000                
RMSD                       6.681                             6.683                             6.796                             6.681                
CV                         5.744                             5.723                             5.703                             5.678                
AIC                       551.384                           547.461                           548.254                           547.393               
dAIC                       3.991                             0.069                             0.862                             0.000                
AICc                     552.006                           547.753                           548.341                           547.685               
dAICc                     4.322                             0.069                             0.656                             0.000                
