RESULTS

For the following solvents:
water  MeOH  EtOH  1PrOH  DMSO  DMA  DMF  PC  ACE  BuOH  EG  FA  MeCN  
We considered all the salts that could be formed with the following cations and anions:
Cations: Cs  
Anions: F  Cl  Br  I  

dGs
                     allparams_bound                     gamma_bound                      simple_unbound                      zeta_bound             
Ref dGs        error            result           error            result           error            result           error            result        
 -10.829      -12.787            1.958          -12.872            2.042          -14.570            3.741          -13.232            2.403     
  -2.082       -4.255            2.173           -4.325            2.243           -5.848            3.767           -4.655            2.573     
  -1.090       -4.887            3.797           -5.570            4.480           -5.147            4.057           -5.573            4.483     
  -0.719       -2.517            1.798           -2.461            1.741           -4.387            3.668           -2.570            1.851     
  -3.946       -6.693            2.747           -6.923            2.977           -7.491            3.545           -7.094            3.148     
   3.152        0.115            3.038           -0.043            3.196           -0.421            3.574           -0.191            3.343     
   3.642       -1.792            5.434           -1.968            5.611           -0.252            3.895           -1.857            5.499     
   3.105        0.477            2.627            0.419            2.685           -0.369            3.473            0.495            2.610     
  -0.672       -3.486            2.814           -3.724            3.052           -4.193            3.522           -3.877            3.205     
   6.618        3.506            3.112            3.346            3.272            3.068            3.551            3.216            3.402     
   7.299        1.728            5.571            1.598            5.701            3.425            3.874            1.721            5.578     
   6.475        3.775            2.700            3.713            2.761            3.024            3.450            3.806            2.668     
   8.196        5.245            2.951            4.904            3.291            4.649            3.546            4.744            3.451     
   8.231        2.738            5.494            2.492            5.740            4.358            3.873            2.577            5.654     
   7.885        5.347            2.538            5.104            2.780            4.439            3.446            5.168            2.717     
   4.132        0.650            3.483            0.300            3.832            0.837            3.295            0.252            3.880     
   1.635       -4.893            6.528           -4.762            6.396           -2.007            3.642           -4.608            6.243     
  -0.433       -3.509            3.076           -3.755            3.323           -3.628            3.195           -3.581            3.148     
   9.367        5.624            3.742            5.624            3.743            6.015            3.352            5.619            3.747     
   7.753        1.193            6.561            1.498            6.255            4.064            3.689            1.715            6.038     
   2.627       -0.704            3.331           -0.606            3.233           -0.625            3.251           -0.387            3.014     
  -1.484       -4.912            3.428           -4.931            3.447           -4.843            3.359           -4.953            3.468     
   6.618        2.863            3.755            2.944            3.674            3.229            3.389            2.943            3.675     
   4.718       -1.757            6.475           -1.445            6.163            0.995            3.723           -1.216            5.934     
   1.312       -2.030            3.342           -1.851            3.163           -1.976            3.289           -1.629            2.941     
   0.882       -1.806            2.687           -1.602            2.484           -2.777            3.659           -1.799            2.681     
   5.758        2.832            2.925            3.068            2.690            2.072            3.686            2.898            2.859     
   4.407       -0.361            4.768           -0.570            4.977            0.422            3.985           -0.431            4.839     
   0.882       -1.653            2.535           -1.302            2.184           -2.704            3.586           -1.250            2.132     
  12.498        7.455            5.042            8.999            3.499            9.061            3.437            9.258            3.240     
   9.904        2.910            6.994            4.093            5.811            6.164            3.740            4.651            5.254     
   6.212        1.570            4.642            3.221            2.991            2.875            3.337            3.703            2.509     
   9.391        6.418            2.973            6.093            3.297            5.846            3.544            5.938            3.453     
   9.187        3.672            5.515            3.442            5.746            5.316            3.871            3.532            5.655     
   9.080        6.519            2.561            6.293            2.786            5.636            3.444            6.361            2.719     
  -6.288       -9.463            3.175           -9.448            3.160           -9.771            3.483           -9.527            3.239     
  -0.241       -3.715            3.474           -3.621            3.380           -3.753            3.512           -3.678            3.436     
   0.033       -5.893            5.927           -5.774            5.808           -3.802            3.835           -5.577            5.610     
  -0.409       -3.471            3.062           -3.278            2.869           -3.820            3.412           -3.111            2.702     
   1.479        0.304            1.175           -0.122            1.602           -2.327            3.806           -0.658            2.137     
   9.056        7.685            1.371            7.257            1.799            5.225            3.831            6.754            2.302     
   7.467        4.660            2.806            3.475            3.992            3.352            4.114            3.315            4.151     
   4.371        3.359            1.012            3.071            1.300            0.639            3.733            2.787            1.585     

Statistical Summary dGs
                     allparams_bound                     gamma_bound                      simple_unbound                      zeta_bound             
Unsigned Error             0.063                             -0.000                            0.000                             0.000                
RMSD                       4.563                             4.606                             4.802                             4.640                
CV                         4.175                             4.043                             4.122                             4.062                
AIC                       142.543                           139.346                           138.943                           139.986               
dAIC                       3.600                             0.403                             0.000                             1.043                
AICc                     144.876                           140.399                           139.243                           141.038               
dAICc                     5.633                             1.156                             0.000                             1.795                


dG-+
                     allparams_bound                     gamma_bound                      simple_unbound                      zeta_bound             
Ref dG-+       error            result           error            result           error            result           error            result        
 -48.518      -34.571          -13.948          -31.210          -17.308          -33.830          -14.688          -36.955          -11.563     
 -18.642       -4.893          -13.749           -1.923          -16.719           -3.815          -14.827           -7.334          -11.309     
 -12.428       -8.040           -4.388            3.275          -15.704            4.179          -16.607           -4.365           -8.064     
  -3.346       10.549          -13.895           14.044          -17.390           11.591          -14.937            7.763          -11.110     
 -45.794      -32.969          -12.824          -28.986          -16.808          -34.460          -11.334          -32.746          -13.048     
 -17.567       -4.265          -13.302           -1.871          -15.696           -6.120          -11.447           -4.726          -12.841     
 -11.855       -1.028          -10.827           -2.508           -9.346            1.104          -12.958           -1.769          -10.085     
  -3.681        9.452          -13.133           12.929          -16.610            7.888          -11.569            8.939          -12.619     
 -46.056      -33.499          -12.557          -29.692          -16.365          -35.051          -11.005          -32.896          -13.160     
 -17.639       -4.546          -13.093           -2.431          -15.207           -6.522          -11.116           -4.681          -12.958     
 -11.735       -0.552          -11.183           -3.315           -8.420            0.870          -12.605           -1.493          -10.242     
  -3.848        9.067          -12.915           12.281          -16.129            7.390          -11.238            8.887          -12.735     
 -16.491       -3.683          -12.808           -0.793          -15.699           -5.518          -10.973           -3.436          -13.056     
 -11.233        0.408          -11.641           -2.897           -8.336            1.200          -12.433           -0.840          -10.393     
  -2.868        9.755          -12.623           13.758          -16.626            8.227          -11.095            9.965          -12.833     
  -6.262        3.818          -10.080            0.080           -6.342            1.561           -7.823            7.647          -13.909     
  -3.537        9.853          -13.390           -8.025            4.488            5.571           -9.108            8.027          -11.565     
   3.107       13.054           -9.947           10.336           -7.228           11.050           -7.943           16.797          -13.690     
  -3.848        7.562          -11.410            3.828           -7.676            4.764           -8.612            9.797          -13.645     
  -0.239       12.462          -12.701           -1.829            1.590            9.737           -9.977           10.918          -11.157     
   3.346       14.580          -11.234           11.943           -8.597           12.080           -8.734           16.768          -13.422     
 -33.485      -22.364          -11.120          -23.098          -10.386          -24.487           -8.998          -19.801          -13.684     
  -4.254        7.670          -11.924            4.767           -9.022            4.844           -9.098            9.247          -13.501     
  -0.932       11.401          -12.333           -0.494           -0.438            9.565          -10.497           10.018          -10.950     
   4.374       16.112          -11.738           14.323           -9.950           13.594           -9.220           17.652          -13.278     
 -33.461      -19.435          -14.026          -16.582          -16.878          -20.101          -13.360          -21.343          -12.118     
  -7.457        6.573          -14.030            8.676          -16.133            6.035          -13.492            4.421          -11.878     
  -3.585        3.033           -6.618           10.022          -13.607           11.610          -15.195            5.186           -8.771     
   1.601       15.643          -14.042           18.509          -16.908           15.208          -13.607           13.270          -11.669     
  -5.975        8.004          -13.979            0.417           -6.392            4.494          -10.469            6.659          -12.634     
  -3.346        4.192           -7.538           -0.232           -3.114            8.788          -12.134            6.251           -9.597     
   1.673       15.571          -13.898            8.912           -7.239           12.260          -10.587           14.092          -12.419     
 -16.252       -3.443          -12.810           -0.656          -15.596           -5.301          -10.951           -3.194          -13.059     
 -11.233        0.401          -11.634           -2.993           -8.240            1.178          -12.412           -0.838          -10.395     
  -2.629        9.995          -12.624           13.894          -16.523            8.444          -11.073           10.207          -12.836     
 -41.109      -28.578          -12.531          -26.558          -14.551          -30.519          -10.591          -27.882          -13.227     
 -13.934       -0.857          -13.077           -0.549          -13.385           -3.233          -10.701           -0.908          -13.026     
  -8.437        2.669          -11.106           -1.791           -6.646            3.756          -12.193            1.869          -10.306     
  -0.167       12.731          -12.898           14.141          -14.308           10.656          -10.823           12.636          -12.803     
 -38.360      -24.803          -13.558          -21.546          -16.814          -22.518          -15.842          -27.325          -11.036     
  -9.656        3.530          -13.186            6.704          -16.360            6.333          -15.989            1.113          -10.769     
  -6.023       -3.886           -2.137           10.628          -16.651           11.811          -17.834            1.381           -7.403     
  -0.406       13.069          -13.476           16.513          -16.919           15.686          -16.092           10.173          -10.580     

Statistical Summary dG-+
                     allparams_bound                     gamma_bound                      simple_unbound                      zeta_bound             
Unsigned Error             -0.258                            0.000                             0.000                             -2.848               
RMSD                       14.053                            13.139                            14.060                            14.170               
CV                         11.084                            10.699                            11.310                            10.982               
AIC                       239.282                           229.499                           231.330                           235.998               
dAIC                       9.783                             0.000                             1.831                             6.500                
AICc                     241.615                           230.551                           231.630                           237.051               
dAICc                     11.064                            0.000                             1.078                             6.500                
