RESULTS

For the following solvents:
water  MeOH  EtOH  1PrOH  DMSO  DMA  DMF  PC  ACE  BuOH  EG  FA  MeCN  
We considered all the salts that could be formed with the following cations and anions:
Cations: Cs  
Anions: F  Cl  Br  I  

dHs
                     allparams_bound                     gamma_bound                      simple_unbound                      zeta_bound             
Ref dHs        error            result           error            result           error            result           error            result        
  -8.941      -10.612            1.671          -10.478            1.537          -10.399            1.458          -10.730            1.789     
   4.209        2.321            1.888            2.440            1.769            2.537            1.672            2.214            1.995     
   6.212        2.461            3.751            1.866            4.346            2.122            4.090            1.777            4.435     
   7.918        6.451            1.467            6.662            1.256            7.070            0.849            6.352            1.566     
  -9.395       -9.925            0.529           -8.994           -0.401           -9.222           -0.174           -9.101           -0.295     
   1.891        1.079            0.811            2.042           -0.151            1.825            0.065            1.979           -0.089     
   3.296       -0.040            3.336            0.687            2.609            0.559            2.737            0.944            2.352     
   3.688        3.328            0.360            4.360           -0.673            4.458           -0.770            4.205           -0.517     
   3.826        3.303            0.524            4.181           -0.355            3.953           -0.126            4.134           -0.308     
   4.682        1.579            3.103            2.261            2.421            2.116            2.566            2.549            2.133     
   5.002        4.931            0.072            5.879           -0.877            5.964           -0.962            5.739           -0.736     
   2.918        2.491            0.427            3.351           -0.433            3.079           -0.160            3.299           -0.381     
   4.587        1.509            3.078            2.224            2.363            2.027            2.560            2.527            2.059     
   4.022        4.048           -0.026            4.977           -0.954            5.019           -0.996            4.832           -0.810     
   0.839        5.035           -4.196            3.316           -2.477            3.092           -2.253            3.420           -2.581     
  -0.815        0.300           -1.115           -1.253            0.438           -1.447            0.632           -0.674           -0.141     
  -2.837        1.807           -4.644            0.161           -2.998            0.250           -3.087            0.173           -3.010     
   1.675        4.561           -2.886            3.639           -1.964            3.457           -1.781            3.728           -2.053     
  -0.719       -0.721            0.001           -1.617            0.897           -1.749            1.029           -1.107            0.388     
  -3.291        0.047           -3.338           -0.806           -2.485           -0.674           -2.617           -0.810           -2.481     
 -16.900      -14.481           -2.419          -14.991           -1.909          -15.178           -1.722          -14.975           -1.925     
   0.002        2.108           -2.106            1.652           -1.650            1.474           -1.471            1.721           -1.719     
  -1.795       -2.491            0.697           -2.982            1.187           -3.102            1.307           -2.517            0.722     
  -4.223       -1.665           -2.559           -2.051           -2.172           -1.916           -2.307           -2.076           -2.147     
   3.898        2.051            1.848            2.889            1.010            2.899            0.999            2.743            1.155     
   3.272       -0.626            3.898           -0.366            3.638           -0.217            3.489           -0.324            3.596     
   0.963       -0.450            1.414            0.470            0.493            0.792            0.171            0.237            0.727     
  -7.507       -7.261           -0.246           -6.625           -0.882           -6.817           -0.690           -6.684           -0.824     
  -0.762       -0.805            0.043           -0.132           -0.630           -0.314           -0.449           -0.145           -0.618     
   1.766       -0.850            2.616           -0.377            2.144           -0.476            2.242           -0.056            1.823     
   1.704        2.114           -0.410            2.856           -1.152            2.988           -1.284            2.750           -1.046     
   2.751        1.317            1.434            0.345            2.406            0.541            2.210            0.047            2.704     
   1.790       -1.344            3.134           -3.147            4.938           -2.775            4.566           -3.355            5.145     
  -0.543       -1.569            1.026           -2.439            1.897           -1.934            1.391           -2.818            2.276     

Statistical Summary dHs
                     allparams_bound                     gamma_bound                      simple_unbound                      zeta_bound             
Unsigned Error             0.000                             -0.002                            -0.000                            0.000                
RMSD                       4.477                             4.579                             4.607                             4.573                
CV                         3.560                             3.560                             3.489                             3.534                
AIC                       113.932                           111.457                           107.875                           111.369               
dAIC                       6.057                             3.582                             0.000                             3.494                
AICc                     117.043                           112.836                           108.262                           112.749               
dAICc                     8.781                             4.574                             0.000                             4.487                


dH-+
                     allparams_bound                     gamma_bound                      simple_unbound                      zeta_bound             
Ref dH-+       error            result           error            result           error            result           error            result        
 -54.254      -45.398           -8.857          -39.359          -14.895          -43.298          -10.956          -43.471          -10.783     
 -20.077      -11.483           -8.593           -6.047          -14.029           -9.057          -11.019           -9.293          -10.783     
 -12.667       -6.834           -5.834           -9.566           -3.101           -0.841          -11.827           -1.884          -10.783     
  -1.912        5.532           -7.444           11.367          -13.279            9.157          -11.069            8.871          -10.783     
 -46.295      -35.376          -10.919          -32.861          -13.434          -36.862           -9.434          -36.752           -9.543     
 -13.982       -3.314          -10.668           -1.259          -12.723           -4.497           -9.485           -4.439           -9.543     
  -7.170        0.862           -8.032           -3.801           -3.369            3.001          -10.171            2.373           -9.543     
   2.271       11.784           -9.513           14.171          -11.901           11.811           -9.540           11.814           -9.543     
 -14.818       -3.953          -10.865           -2.254          -12.564           -5.483           -9.335           -5.405           -9.413     
  -8.556       -0.317           -8.239           -5.217           -3.339            1.454          -10.011            0.857           -9.413     
   0.813       10.523           -9.710           12.552          -11.740           10.203           -9.390           10.226           -9.413     
 -15.296       -4.360          -10.936           -2.460          -12.836           -6.026           -9.270           -5.927           -9.369     
  -8.222        0.102           -8.323           -4.441           -3.781            1.711           -9.933            1.148           -9.369     
   0.263       10.044           -9.781           12.273          -12.010            9.589           -9.326            9.632           -9.369     
  -7.146        5.574          -12.720            4.466          -11.613            0.694           -7.841            0.914           -8.060     
  -3.394        6.794          -10.188            0.187           -3.581            5.030           -8.424            4.666           -8.060     
   3.633       15.199          -11.566           14.432          -10.799           11.528           -7.895           11.693           -8.060     
  -0.526       11.781          -12.307           10.793          -11.319            7.673           -8.199            7.849           -8.375     
   2.486       12.224           -9.739            5.312           -2.826           11.304           -8.818           10.860           -8.375     
   8.963       20.114          -11.152           19.458          -10.496           17.217           -8.254           17.337           -8.375     
 -43.571      -31.283          -12.288          -31.606          -11.965          -35.197           -8.374          -34.998           -8.573     
  -5.641        6.402          -12.043            5.688          -11.328            2.779           -8.419            2.933           -8.573     
  -2.032        7.427           -9.458            0.602           -2.634            7.022           -9.054            6.542           -8.573     
   4.589       15.476          -10.887           15.091          -10.502           13.064           -8.475           13.162           -8.573     
  -7.242        2.222           -9.464            5.507          -12.748            3.171          -10.413            3.042          -10.284     
  -2.462        4.277           -6.739           -0.196           -2.266            8.724          -11.186            7.822          -10.284     
   4.278       12.590           -8.312           16.246          -11.968           14.743          -10.465           14.562          -10.284     
 -44.503      -33.124          -11.379          -31.919          -12.584          -35.406           -9.096          -35.274           -9.228     
 -16.730       -5.601          -11.129           -4.842          -11.888           -7.584           -9.147           -7.502           -9.228     
  -8.795       -0.293           -8.502           -6.146           -2.649            1.028           -9.823            0.433           -9.229     
   0.191       10.165           -9.974           11.255          -11.064            9.393           -9.202            9.420           -9.228     
  -9.058       -1.253           -7.805            6.333          -15.391            2.488          -11.546            2.147          -11.206     
  -4.613        0.402           -5.015           -0.535           -4.077            7.771          -12.384            6.593          -11.206     
   2.103        8.762           -6.659           16.777          -14.674           13.696          -11.593           13.309          -11.206     

Statistical Summary dH-+
                     allparams_bound                     gamma_bound                      simple_unbound                      zeta_bound             
Unsigned Error             -4.333                            -0.000                            -0.000                            -6.743               
RMSD                       15.074                            14.656                            15.246                            15.169               
CV                         11.478                            12.146                            11.493                            12.462               
AIC                       196.484                           190.571                           189.252                           192.911               
dAIC                       7.231                             1.318                             0.000                             3.659                
AICc                     199.595                           191.950                           189.640                           194.290               
dAICc                     9.955                             2.310                             0.000                             4.651                
