RESULTS

For the following solvents:
MeOH  
We considered all the salts that could be formed with the following cations and anions:
Cations: Li  Na  K  Rb  Cs  
Anions: Cl  Br  I  

dGs
                     allparams_bound                     gamma_bound                      simple_unbound                      zeta_bound             
Ref dGs        error            result           error            result           error            result           error            result        
  -5.739        2.714           -8.452            2.260           -7.999           -5.555           -0.183            2.573           -8.311     
  -9.840        0.353          -10.193           -0.438           -9.402           -8.958           -0.882            0.321          -10.161     
 -15.347       -3.101          -12.246           -3.209          -12.138          -15.402            0.056           -3.161          -12.185     
   2.678        1.009            1.669            1.896            0.782            2.920           -0.242            1.181            1.497     
   0.295       -0.219            0.514            0.605           -0.310            1.292           -0.997           -0.056            0.351     
  -3.133       -0.725           -2.408            0.375           -3.508           -3.157            0.024           -0.414           -2.719     
   3.884       -0.497            4.381           -0.406            4.290            3.916           -0.033           -0.670            4.554     
   3.090        0.030            3.060           -0.020            3.110            3.862           -0.771           -0.118            3.209     
   1.372        0.852            0.520            1.257            0.115            1.159            0.213            0.774            0.599     
   3.681       -1.461            5.142           -1.524            5.204            3.658            0.022           -1.559            5.240     
   3.478       -0.385            3.863           -0.569            4.046            4.198           -0.720           -0.467            3.945     
   2.438        1.134            1.304            1.396            1.042            2.172            0.266            1.126            1.312     
   3.152       -1.765            4.917           -2.468            5.620            2.986            0.167           -1.743            4.896     
   3.642        0.221            3.422           -0.705            4.348            4.198           -0.555            0.301            3.341     
   3.105        1.840            1.265            1.548            1.557            2.712            0.393            1.913            1.191     

Statistical Summary dGs
                     allparams_bound                     gamma_bound                      simple_unbound                      zeta_bound             
Unsigned Error             -0.000                            -0.000                            -0.000                            0.000                
RMSD                       1.409                             1.528                             5.596                             1.416                
CV                         1.851                             1.803                             5.067                             1.586                
AIC                        22.291                            20.720                            55.661                            18.425               
dAIC                       3.866                             2.295                             37.236                            0.000                
AICc                      32.791                            24.720                            56.661                            22.425               
dAICc                     10.366                            2.295                             34.236                            0.000                


dG-+
                     allparams_bound                     gamma_bound                      simple_unbound                      zeta_bound             
Ref dG-+       error            result           error            result           error            result           error            result        
  37.094       -7.159           44.253           -7.078           44.171           -7.683           44.777           -7.285           44.379     
  42.806       -0.194           43.000           -0.266           43.072           -0.399           43.205           -1.202           44.008     
  50.980        6.724           44.256            6.808           44.172            6.330           44.650            6.631           44.349     
  10.803       -6.917           17.720           -6.943           17.746           -6.140           16.943           -5.715           16.518     
  16.515        0.048           16.467           -0.131           16.646            1.144           15.371            0.368           16.147     
  24.689        6.966           17.723            6.942           17.747            7.873           16.816            8.201           16.488     
  -6.501       -5.627           -0.874           -5.557           -0.944           -5.945           -0.556           -5.502           -0.999     
  -0.789        1.338           -2.127            1.255           -2.044            1.339           -2.128            0.581           -1.369     
   7.385        8.256           -0.871            8.329           -0.943            8.068           -0.683            8.414           -1.028     
 -12.285       -7.222           -5.062           -7.160           -5.125           -7.492           -4.793           -7.046           -5.239     
  -6.573       -0.257           -6.315           -0.348           -6.225           -0.209           -6.364           -0.963           -5.610     
   1.601        6.661           -5.060            6.725           -5.124            6.520           -4.919            6.870           -5.269     
 -17.567       -7.823           -9.744           -7.758           -9.809           -8.234           -9.332           -7.783           -9.784     
 -11.855       -0.857          -10.997           -0.946          -10.909           -0.951          -10.904           -1.700          -10.154     
  -3.681        6.061           -9.741            6.127           -9.808            5.778           -9.459            6.133           -9.813     

Statistical Summary dG-+
                     allparams_bound                     gamma_bound                      simple_unbound                      zeta_bound             
Unsigned Error             -0.004                            0.000                             0.000                             0.000                
RMSD                       5.714                             5.715                             5.792                             5.767                
CV                         6.193                             6.063                             5.744                             6.020                
AIC                        64.288                            60.295                            56.696                            60.562               
dAIC                       7.592                             3.599                             0.000                             3.867                
AICc                      74.788                            64.295                            57.696                            64.562               
dAICc                     17.092                            6.599                             0.000                             6.867                
