RESULTS

For the following solvents:
MeOH  
We considered all the salts that could be formed with the following cations and anions:
Cations: Li  Na  K  Rb  Cs  
Anions: Cl  Br  I  

dHs
                     allparams_bound                     gamma_bound                      simple_unbound                      zeta_bound             
Ref dHs        error            result           error            result           error            result           error            result        
 -11.479        2.842          -14.322            2.921          -14.401           -8.584           -2.896            3.104          -14.584     
 -14.897        0.199          -15.096            0.236          -15.132          -10.165           -4.731            0.392          -15.288     
 -19.661       -3.040          -16.621           -2.977          -16.684          -17.393           -2.268           -3.075          -16.586     
  -2.705        1.153           -3.858            0.980           -3.685            0.345           -3.050            1.028           -3.733     
  -4.375       -0.012           -4.362           -0.133           -4.241            0.658           -5.032           -0.304           -4.070     
  -7.345       -1.057           -6.288           -1.291           -6.053           -4.994           -2.351           -1.432           -5.913     
   0.936       -0.608            1.544           -0.503            1.439            3.436           -2.500           -0.530            1.466     
   0.975        0.011            0.964            0.141            0.834            5.415           -4.440           -0.050            1.024     
  -0.232        0.554           -0.786            0.632           -0.864            1.623           -1.855            0.347           -0.579     
   1.346       -1.484            2.829           -1.436            2.781            3.701           -2.355           -1.351            2.696     
   1.907       -0.360            2.268           -0.281            2.188            6.213           -4.306           -0.373            2.281     
   1.924        1.415            0.509            1.439            0.485            3.640           -1.716            1.258            0.666     
   1.891       -1.904            3.795           -1.944            3.834            3.866           -1.976           -1.560            3.451     
   3.296        0.162            3.134            0.120            3.176            7.168           -3.872            0.396            2.900     
   3.688        2.127            1.560            2.095            1.593            5.070           -1.383            2.150            1.538     

Statistical Summary dHs
                     allparams_bound                     gamma_bound                      simple_unbound                      zeta_bound             
Unsigned Error             -0.000                            -0.000                            0.000                             -0.000               
RMSD                       1.483                             1.487                             6.862                             1.497                
CV                         1.881                             1.665                             6.311                             1.339                
AIC                        23.823                            19.899                            61.782                            20.101               
dAIC                       3.924                             0.000                             41.882                            0.202                
AICc                      34.323                            23.899                            62.782                            24.101               
dAICc                     10.424                            0.000                             38.882                            0.202                


dH-+
                     allparams_bound                     gamma_bound                      simple_unbound                      zeta_bound             
Ref dH-+       error            result           error            result           error            result           error            result        
  45.602       -8.783           54.385           -8.827           54.429           -9.654           55.257           -9.188           54.791     
  52.414       -0.631           53.045           -0.581           52.995           -1.131           53.546           -2.073           54.487     
  61.855        7.467           54.388            7.423           54.432            6.736           55.119            7.089           54.766     
  19.120       -7.441           26.561           -7.435           26.556           -5.830           24.950           -5.332           24.452     
  25.932        0.711           25.222            0.810           25.122            2.693           23.239            1.783           24.149     
  35.373        8.809           26.564            8.815           26.558           10.560           24.813           10.945           24.428     
  -0.932       -6.209            5.277           -6.258            5.326           -6.829            5.897           -6.311            5.378     
   5.880        1.942            3.937            1.987            3.892            1.694            4.186            0.804            5.075     
  15.320       10.040            5.280            9.992            5.329            9.561            5.759            9.966            5.354     
  -7.600       -8.434            0.833           -8.475            0.874           -8.885            1.284           -8.361            0.761     
  -0.789       -0.282           -0.506           -0.229           -0.560           -0.362           -0.427           -1.246            0.458     
   8.652        7.816            0.836            7.775            0.877            7.505            1.147            7.916            0.736     
 -13.982       -9.800           -4.182           -9.831           -4.151          -10.323           -3.659           -9.794           -4.188     
  -7.170       -1.649           -5.521           -1.585           -5.585           -1.800           -5.370           -2.679           -4.491     
   2.271        6.449           -4.179            6.419           -4.149            6.067           -3.796            6.483           -4.212     

Statistical Summary dH-+
                     allparams_bound                     gamma_bound                      simple_unbound                      zeta_bound             
Unsigned Error             0.005                             0.000                             -0.000                            0.000                
RMSD                       6.746                             6.746                             6.907                             6.877                
CV                         7.350                             7.207                             6.948                             7.263                
AIC                        69.266                            65.268                            61.975                            65.846               
dAIC                       7.291                             3.293                             0.000                             3.871                
AICc                      79.766                            69.268                            62.975                            69.846               
dAICc                     16.791                            6.293                             0.000                             6.871                
