RESULTS

For the following solvents:
water  MeOH  EtOH  1PrOH  DMSO  DMA  DMF  PC  ACE  BuOH  EG  FA  MeCN  
We considered all the salts that could be formed with the following cations and anions:
Cations: Rb  
Anions: Cl  Br  I  

dGs
                     allparams_bound                     gamma_bound                      simple_unbound                      zeta_bound             
Ref dGs        error            result           error            result           error            result           error            result        
  -1.769       -8.170            6.401           -8.278            6.510           -6.850            5.081           -6.900            5.131     
  -1.470       -5.887            4.417           -6.077            4.607           -6.770            5.300           -5.415            3.945     
  -1.601       -4.041            2.440           -4.078            2.477           -6.604            5.003           -5.022            3.421     
   3.681       -2.967            6.648           -3.048            6.728           -1.238            4.918           -2.425            6.106     
   3.478       -1.685            5.162           -1.674            5.151           -1.683            5.160           -2.611            6.089     
   2.438       -0.226            2.664           -0.243            2.681           -2.401            4.839           -1.904            4.342     
   7.051        0.376            6.675            0.300            6.750            2.151            4.899            0.946            6.105     
   7.039        1.809            5.230            1.839            5.200            1.896            5.143            0.855            6.184     
   5.712        3.023            2.689            3.010            2.702            0.892            4.820            1.373            4.339     
   8.987        2.448            6.539            2.347            6.640            4.090            4.896            2.738            6.249     
   8.329        3.181            5.148            3.204            5.125            3.187            5.142            1.875            6.454     
   7.481        4.928            2.553            4.889            2.592            2.664            4.817            2.999            4.482     
   5.091       -1.676            6.767           -1.713            6.804            0.398            4.693           -0.400            5.491     
   1.900       -3.800            5.700           -3.600            5.500           -3.054            4.954           -4.556            6.456     
  -0.669       -3.454            2.785           -3.427            2.758           -5.283            4.614           -4.402            3.733     
   9.441        2.445            6.996            2.445            6.996            4.703            4.738            3.921            5.520     
   7.134        1.352            5.783            1.537            5.597            2.142            4.992            0.992            6.142     
   1.506       -1.505            3.011           -1.442            2.948           -3.153            4.659           -2.249            3.754     
   7.337        0.309            7.028            0.310            7.028            2.570            4.768            1.740            5.597     
   4.744       -1.007            5.752           -0.843            5.587           -0.275            5.019           -1.325            6.070     
   0.837       -2.206            3.043           -2.143            2.979           -3.852            4.689           -2.994            3.830     
   7.505        0.717            6.788            0.665            6.840            2.493            5.012            2.110            5.394     
   5.461        0.516            4.945            0.432            5.030            0.223            5.238            0.922            4.539     
   1.434       -1.382            2.816           -1.367            2.801           -3.499            4.933           -2.227            3.661     
  12.811        4.696            8.115            4.887            7.924            8.005            4.806            8.388            4.423     
   9.524        3.182            6.342            3.365            6.159            4.489            5.035            5.792            3.733     
   5.330        1.193            4.137            1.450            3.880            0.603            4.727            2.656            2.674     
  10.660        4.105            6.554            4.007            6.652            5.765            4.894            4.425            6.234     
   9.763        4.601            5.163            4.626            5.137            4.623            5.141            3.326            6.438     
   9.154        6.585            2.569            6.550            2.604            4.339            4.815            4.686            4.468     
   0.311       -6.607            6.917           -6.637            6.948           -4.557            4.868           -5.553            5.863     
  -0.108       -5.576            5.468           -5.503            5.395           -5.219            5.111           -6.040            5.932     
  -1.052       -3.984            2.932           -3.952            2.900           -5.840            4.788           -5.149            4.098     
   9.584        3.604            5.980            3.438            6.146            4.447            5.137            4.810            4.774     
   7.302        3.428            3.874            3.138            4.163            1.951            5.351            4.000            3.302     
   3.705        1.676            2.029            1.585            2.120           -1.355            5.059            0.617            3.088     

Statistical Summary dGs
                     allparams_bound                     gamma_bound                      simple_unbound                      zeta_bound             
Unsigned Error             -0.000                            -0.000                            -0.000                            0.000                
RMSD                       3.588                             3.591                             3.976                             3.817                
CV                         3.812                             3.358                             3.628                             3.723                
AIC                       103.985                           100.046                           103.380                           104.449               
dAIC                       3.939                             0.000                             3.335                             4.403                
AICc                     106.881                           101.336                           103.744                           105.739               
dAICc                     5.545                             0.000                             2.408                             4.403                


dG-+
                     allparams_bound                     gamma_bound                      simple_unbound                      zeta_bound             
Ref dG-+       error            result           error            result           error            result           error            result        
 -13.145      -10.158           -2.988          -10.940           -2.206           -9.756           -3.390           -9.005           -4.141     
  -6.931       -3.024           -3.907           -0.031           -6.900           -2.309           -4.622           -2.791           -4.141     
   2.151        5.118           -2.967            4.339           -2.188            5.616           -3.465            6.292           -4.141     
 -12.285       -8.511           -3.774           -9.899           -2.386          -11.411           -0.874          -10.910           -1.375     
  -6.573       -2.345           -4.227           -3.836           -2.736           -4.653           -1.920           -5.198           -1.375     
   1.601        5.376           -3.775            4.167           -2.566            2.559           -0.958            2.976           -1.375     
 -12.261       -8.905           -3.356          -10.075           -2.186          -11.634           -0.627          -11.175           -1.086     
  -6.358       -2.587           -3.771           -4.178           -2.180           -4.699           -1.658           -5.271           -1.086     
   1.530        4.887           -3.357            3.901           -2.372            2.241           -0.712            2.616           -1.086     
 -11.472       -8.176           -3.296           -9.101           -2.371          -10.947           -0.526          -10.478           -0.994     
  -6.214       -2.554           -3.660           -4.318           -1.896           -4.677           -1.537           -5.220           -0.994     
   2.151        5.449           -3.298            4.713           -2.561            2.761           -0.610            3.145           -0.994     
  -1.410       -7.696            6.285           -3.979            2.569           -3.224            1.814           -3.297            1.887     
   1.315       -4.909            6.224           -4.554            5.868            0.391            0.923           -0.572            1.887     
   7.959        1.672            6.287            5.547            2.412            6.229            1.730            6.072            1.887     
   1.888       -1.727            3.615            0.194            1.694            0.651            1.237            0.681            1.207     
   5.497        2.080            3.417            1.778            3.719            5.204            0.293            4.290            1.207     
   9.082        5.468            3.614            7.573            1.509            7.929            1.153            7.875            1.207     
   0.837       -1.107            1.944           -0.069            0.906           -0.043            0.879            0.064            0.773     
   4.159        2.473            1.686            1.784            2.375            4.248           -0.089            3.386            0.773     
   9.465        7.523            1.942            8.750            0.715            8.670            0.795            8.692            0.773     
  -3.394        1.029           -4.423           -0.853           -2.541           -1.010           -2.384           -0.382           -3.012     
   0.478        5.688           -5.210            6.484           -6.006            4.042           -3.564            3.490           -3.012     
   5.664       10.076           -4.412            8.272           -2.608            8.128           -2.464            8.676           -3.012     
  -0.478       -0.762            0.284           -1.995            1.517           -0.384           -0.094           -0.329           -0.149     
   2.151        2.589           -0.438            3.487           -1.336            3.399           -1.248            2.300           -0.149     
   7.170        6.881            0.289            5.779            1.392            7.346           -0.176            7.319           -0.149     
 -11.711       -8.462           -3.250           -9.382           -2.329          -11.202           -0.509          -10.740           -0.972     
  -6.692       -3.077           -3.615           -4.832           -1.861           -5.172           -1.520           -5.720           -0.972     
   1.912        5.164           -3.251            4.432           -2.520            2.506           -0.593            2.884           -0.972     
  -8.676       -6.262           -2.414           -7.263           -1.413           -8.365           -0.311           -8.005           -0.671     
  -3.179       -0.346           -2.833           -1.733           -1.446           -1.835           -1.344           -2.508           -0.671     
   5.091        7.506           -2.415            6.691           -1.600            5.486           -0.395            5.762           -0.671     
  -4.374       -4.085           -0.289           -3.128           -1.246           -0.107           -4.267            0.728           -5.102     
  -0.741        0.581           -1.322            6.264           -7.005            4.804           -5.545            4.361           -5.102     
   4.876        5.134           -0.258            6.012           -1.137            9.215           -4.339            9.978           -5.102     

Statistical Summary dG-+
                     allparams_bound                     gamma_bound                      simple_unbound                      zeta_bound             
Unsigned Error             0.000                             0.000                             -0.000                            -0.013               
RMSD                       5.482                             5.801                             6.133                             6.081                
CV                         5.301                             5.618                             5.369                             5.380                
AIC                       134.507                           134.580                           134.589                           137.976               
dAIC                       0.000                             0.073                             0.082                             3.469                
AICc                     137.404                           135.871                           134.953                           139.266               
dAICc                     2.451                             0.918                             0.000                             4.314                
