RESULTS

For the following solvents:
water  MeOH  EtOH  1PrOH  DMSO  DMA  DMF  PC  ACE  BuOH  EG  FA  MeCN  
We considered all the salts that could be formed with the following cations and anions:
Cations: Rb  
Anions: Cl  Br  I  

dHs
                     allparams_bound                     gamma_bound                      simple_unbound                      zeta_bound             
Ref dHs        error            result           error            result           error            result           error            result        
   4.070        0.200            3.870            0.889            3.181            2.203            1.867           -0.354            4.424     
   5.229        2.309            2.920            1.388            3.842            1.431            3.798            2.851            2.378     
   6.561        4.548            2.013            5.266            1.295            5.382            1.179            4.255            2.306     
   1.346       -1.692            3.037            0.286            1.059            0.907            0.439           -1.038            2.383     
   1.907       -0.563            2.470           -0.105            2.012           -0.658            2.566            0.057            1.851     
   1.924        0.762            1.162            2.765           -0.841            2.183           -0.259            1.728            0.196     
   3.162        0.475            2.687            2.318            0.844            2.890            0.272            1.125            2.037     
   3.174        1.023            2.151            1.353            1.821            0.759            2.415            1.545            1.629     
   3.119        2.308            0.811            4.175           -1.056            3.544           -0.425            3.271           -0.152     
  -0.280        3.067           -3.347            1.118           -1.398            1.264           -1.543            2.029           -2.309     
  -2.777        0.815           -3.592           -2.577           -0.200           -3.526            0.749           -1.207           -1.570     
  -5.174        0.046           -5.220           -1.878           -3.296           -2.935           -2.240           -0.686           -4.488     
  -0.686        0.298           -0.983           -0.277           -0.409            0.198           -0.884            0.155           -0.841     
  -3.327       -1.937           -1.390           -3.993            0.666           -4.652            1.325           -2.587           -0.739     
  -6.131       -3.271           -2.860           -3.821           -2.310           -4.549           -1.582           -3.099           -3.032     
   4.381        0.599            3.782            1.928            2.453            3.119            1.262            0.964            3.417     
   2.911       -0.029            2.940           -0.285            3.196           -0.337            3.248            1.111            1.800     
   0.227       -1.690            1.917           -0.333            0.560           -0.343            0.570           -1.042            1.269     
  -0.901       -2.723            1.822           -1.549            0.648           -0.893           -0.008           -2.130            1.229     
   0.784       -0.499            1.283           -0.838            1.622           -1.350            2.134           -0.023            0.807     
   0.347        0.400           -0.054            1.599           -1.252            1.052           -0.705            1.308           -0.961     
   2.971       -0.341            3.311           -0.801            3.772            0.610            2.361           -2.140            5.111     
   1.166       -1.101            2.267           -3.194            4.361           -3.077            4.244           -1.527            2.694     
  -1.542       -3.003            1.462           -3.433            1.891           -3.219            1.677           -4.565            3.024     

Statistical Summary dHs
                     allparams_bound                     gamma_bound                      simple_unbound                      zeta_bound             
Unsigned Error             0.000                             0.000                             -0.000                            0.000                
RMSD                       1.853                             2.390                             2.600                             2.086                
CV                         1.846                             2.213                             2.327                             2.057                
AIC                        41.609                            49.816                            49.870                            43.283               
dAIC                       0.000                             8.208                             8.262                             1.674                
AICc                      46.550                            51.922                            50.442                            45.388               
dAICc                     1.162                             6.533                             5.053                             0.000                


dH-+
                     allparams_bound                     gamma_bound                      simple_unbound                      zeta_bound             
Ref dH-+       error            result           error            result           error            result           error            result        
 -14.101      -13.761           -0.340          -14.093           -0.008          -13.450           -0.652          -13.051           -1.050     
  -6.692       -4.739           -1.954           -3.673           -3.019           -5.070           -1.622           -5.553           -1.139     
   4.063        4.372           -0.309            4.010            0.053            4.775           -0.711            5.119           -1.056     
  -7.600       -7.511           -0.090           -8.471            0.871           -8.929            1.329           -8.604            1.003     
  -0.789        0.263           -1.051           -0.547           -0.242           -1.294            0.505           -1.716            0.928     
   8.652        8.740           -0.088            7.807            0.845            7.390            1.262            7.655            0.997     
  -8.317       -8.497            0.180           -9.361            1.044           -9.840            1.522           -9.534            1.217     
  -2.055       -1.327           -0.728           -2.142            0.087           -2.766            0.711           -3.197            1.142     
   7.314        7.133            0.181            6.298            1.015            5.858            1.456            6.103            1.210     
  -0.191       -5.821            5.630           -4.095            3.904           -3.635            3.443           -3.596            3.405     
   3.561       -1.655            5.216           -0.824            4.386            0.818            2.743            0.220            3.341     
  10.588        4.952            5.635            6.700            3.888            7.210            3.378            7.189            3.399     
   0.884       -2.350            3.234           -1.963            2.848           -1.824            2.708           -1.699            2.584     
   4.493        1.947            2.546            1.963            2.530            2.547            1.946            1.980            2.514     
  11.114        7.879            3.235            8.297            2.817            8.472            2.642            8.536            2.578     
  -1.888       -1.084           -0.804           -2.095            0.207           -2.028            0.139           -1.675           -0.214     
   2.892        5.125           -2.233            5.159           -2.267            3.681           -0.789            3.191           -0.299     
   9.632       10.417           -0.785            9.401            0.231            9.555            0.077            9.851           -0.219     
 -10.755      -11.494            0.738          -12.212            1.457          -12.527            1.771          -12.276            1.521     
  -2.820       -2.645           -0.175           -3.303            0.483           -3.779            0.958           -4.266            1.446     
   6.166        5.427            0.739            4.739            1.428            4.462            1.705            4.652            1.514     
  -3.442       -4.235            0.793           -3.526            0.084           -2.099           -1.343           -1.678           -1.764     
   1.004        1.984           -0.980            4.396           -3.393            3.352           -2.348            2.861           -1.857     
   7.720        6.881            0.839            7.535            0.185            9.119           -1.399            9.489           -1.769     

Statistical Summary dH-+
                     allparams_bound                     gamma_bound                      simple_unbound                      zeta_bound             
Unsigned Error             -0.000                            0.000                             0.000                             0.000                
RMSD                       6.439                             6.527                             6.616                             6.606                
CV                         6.489                             6.432                             6.097                             6.197                
AIC                       101.391                            98.045                            94.695                            98.621               
dAIC                       6.695                             3.349                             0.000                             3.926                
AICc                     106.332                           100.150                            95.267                           100.726               
dAICc                     11.065                            4.883                             0.000                             5.459                
