RESULTS

For the following solvents:
water  MeOH  EtOH  1PrOH  DMSO  DMA  DMF  PC  ACE  BuOH  EG  FA  MeCN  
We considered all the salts that could be formed with the following cations and anions:
Cations: Li  Na  K  Rb  Cs  
Anions: Br  

dHs
                     allparams_bound                     gamma_bound                      simple_unbound                      zeta_bound             
Ref dHs        error            result           error            result           error            result           error            result        
 -11.670       -0.349          -11.321           -0.816          -10.854           -9.795           -1.875           -1.249          -10.421     
  -0.144        0.670           -0.814            0.281           -0.425            1.649           -1.793            2.446           -2.590     
   4.751        2.149            2.602            1.991            2.760            6.864           -2.113            2.071            2.680     
   5.229        1.607            3.622            1.638            3.592            7.426           -2.197            1.278            3.952     
   6.212        2.291            3.921            2.734            3.478            8.626           -2.415            0.769            5.443     
 -14.897       -1.810          -13.087           -1.194          -13.703          -12.445           -2.451           -1.694          -13.203     
  -4.375       -1.884           -2.490           -1.286           -3.088           -2.032           -2.343            0.997           -5.372     
   0.975       -0.316            1.291            0.122            0.853            3.531           -2.556            1.076           -0.102     
   1.907       -0.524            2.431           -0.027            1.934            4.512           -2.605            0.737            1.170     
   3.296        0.357            2.939            1.043            2.253            6.057           -2.761            0.634            2.661     
 -15.207       -1.701          -13.506           -1.164          -14.044          -12.691           -2.516           -1.789          -13.419     
  -3.490       -0.586           -2.904           -0.072           -3.419           -1.084           -2.406            2.097           -5.588     
   1.357        0.445            0.912            0.762            0.595            3.966           -2.609            1.675           -0.318     
   3.174        1.111            2.063            1.475            1.699            5.828           -2.654            2.220            0.954     
   4.682        2.091            2.591            2.621            2.061            7.487           -2.805            2.237            2.445     
 -14.658       -0.855          -13.803           -0.634          -14.023          -12.138           -2.520           -1.032          -13.626     
  -3.132        0.068           -3.200            0.266           -3.397           -0.722           -2.410            2.663           -5.795     
   1.787        1.168            0.619            1.164            0.624            4.399           -2.612            2.312           -0.525     
   4.587        2.284            2.303            2.488            2.098            7.393           -2.807            2.349            2.238     
 -17.191        1.441          -18.632            0.495          -17.686          -14.004           -3.187           -1.953          -15.238     
  -6.143        1.880           -8.023            0.904           -7.047           -3.068           -3.075            1.264           -7.407     
  -2.849        1.050           -3.899           -0.454           -2.395            0.339           -3.188           -0.712           -2.137     
  -2.777       -0.123           -2.654           -1.680           -1.097            0.428           -3.206           -1.912           -0.865     
  -0.815        1.121           -1.936           -0.475           -0.340            2.485           -3.300           -1.441            0.626     
  -5.354        0.889           -6.243            1.017           -6.371           -2.412           -2.943            1.491           -6.846     
  -1.702        0.470           -2.173            0.127           -1.829            1.369           -3.071           -0.126           -1.576     
  -0.719       -0.460           -0.260           -0.841            0.121            2.479           -3.198           -1.907            1.187     
 -16.426       -0.354          -16.072            0.094          -16.520          -13.463           -2.963           -2.034          -14.393     
  -6.980       -1.524           -5.456           -1.114           -5.866           -4.131           -2.849           -0.418           -6.562     
  -4.021       -2.595           -1.426           -2.613           -1.407           -1.031           -2.989           -2.729           -1.292     
  -3.327       -3.119           -0.208           -3.161           -0.166           -0.312           -3.015           -3.307           -0.020     
  -1.795       -2.244            0.449           -2.260            0.465            1.332           -3.127           -3.266            1.471     
  -7.368        4.412          -11.780            4.851          -12.220           -5.229           -2.139            4.026          -11.394     
   0.979        2.202           -1.223            2.667           -1.688            3.022           -2.042            4.542           -3.563     
   3.006        0.640            2.366            1.150            1.856            5.318           -2.312            1.300            1.707     
   2.911       -0.532            3.443            0.105            2.806            5.290           -2.379           -0.067            2.978     
   3.272       -0.566            3.838            0.380            2.892            5.841           -2.569           -1.198            4.470     
 -13.319        0.614          -13.933            1.413          -14.733          -10.685           -2.634            0.187          -13.506     
  -3.873       -0.549           -3.323            0.220           -4.092           -1.351           -2.522            1.802           -5.675     
   0.497       -0.055            0.552            0.453            0.044            3.204           -2.708            0.902           -0.405     
   0.784       -0.937            1.721           -0.402            1.186            3.531           -2.748           -0.083            0.867     
   1.766       -0.517            2.283            0.147            1.619            4.654           -2.888           -0.592            2.358     
 -12.961       -1.698          -11.263           -3.264           -9.697          -11.313           -1.648           -3.448           -9.513     
  -1.052       -0.241           -0.811           -1.668            0.616            0.530           -1.582            0.629           -1.681     
   1.094       -1.348            2.442           -2.369            3.463            3.044           -1.950           -2.494            3.588     
   1.166       -2.242            3.408           -3.016            4.183            3.216           -2.050           -3.694            4.860     
   1.790       -1.829            3.619           -2.097            3.887            4.083           -2.293           -4.562            6.352     

Statistical Summary dHs
                     allparams_bound                     gamma_bound                      simple_unbound                      zeta_bound             
Unsigned Error             -0.000                            0.000                             -0.000                            -0.000               
RMSD                       1.531                             1.691                             6.312                             2.102                
CV                         1.420                             1.439                             5.229                             1.906                
AIC                        52.024                            57.384                           177.193                            77.829               
dAIC                       0.000                             5.360                            125.169                            25.805               
AICc                      54.124                            58.336                           177.466                            78.781               
dAICc                     0.000                             4.213                            123.342                            24.657               


dH-+
                     allparams_bound                     gamma_bound                      simple_unbound                      zeta_bound             
Ref dH-+       error            result           error            result           error            result           error            result        
  46.606       -2.482           49.088           -1.732           48.339           -0.925           47.531           -2.193           48.799     
  19.120       -2.551           21.671           -1.097           20.218            0.318           18.803           -0.755           19.876     
  -0.478       -3.697            3.219           -2.570            2.092           -1.622            1.144           -2.575            2.097     
  -6.692       -5.915           -0.778           -4.632           -2.061           -3.603           -3.089           -4.527           -2.165     
 -12.667       -7.651           -5.016           -6.199           -6.468           -5.146           -7.521           -6.040           -6.627     
  52.414        1.242           51.172            0.403           52.011           -0.073           52.487           -0.171           52.585     
  25.932        2.466           23.466            2.231           23.702            2.291           23.641            2.388           23.544     
   5.880        2.048            3.832            1.074            4.806            0.373            5.506            0.594            5.286     
  -0.789       -0.235           -0.553           -1.189            0.400           -1.905            1.116           -1.655            0.866     
  -7.170       -1.702           -5.468           -2.722           -4.448           -3.581           -3.589           -3.299           -3.871     
  52.725        1.140           51.585            0.277           52.448           -0.236           52.960           -0.244           52.969     
  25.048        1.186           23.862            0.920           24.128            0.940           24.108            1.127           23.921     
   5.497        1.382            4.115            0.338            5.159           -0.431            5.928           -0.120            5.617     
  -2.055       -1.749           -0.307           -2.785            0.730           -3.579            1.523           -3.238            1.182     
  -8.556       -3.269           -5.288           -4.395           -4.162           -5.348           -3.208           -4.975           -3.582     
  52.414        1.496           50.918            0.094           52.320           -0.743           53.157           -0.663           53.077     
  24.928        1.735           23.193            0.930           23.999            0.624           24.304            0.900           24.028     
   5.306        1.871            3.435            0.284            5.022           -0.813            6.119           -0.414            5.720     
  -8.222       -2.241           -5.981           -3.915           -4.307           -5.199           -3.023           -4.737           -3.484     
  54.374       -2.263           56.637           -2.716           57.090           -3.137           57.511           -2.390           56.764     
  27.366       -1.526           28.892           -1.389           28.756           -1.284           28.650           -0.341           27.707     
   9.369        1.220            8.149            0.232            9.137           -0.699           10.068            0.371            8.999     
   3.561        0.137            3.424           -0.950            4.511           -1.980            5.541           -0.880            4.441     
  -3.394       -1.219           -2.175           -2.611           -0.783           -3.955            0.561           -2.820           -0.574     
  32.553        3.694           28.859            4.474           28.079            4.973           27.579            5.681           26.871     
  14.197        5.910            8.287            5.625            8.572            5.130            9.066            5.964            8.233     
   2.486        4.358           -1.873            3.727           -1.241            2.861           -0.375            3.759           -1.273     
  53.991       -2.058           56.049           -1.818           55.810           -1.796           55.787           -1.402           55.394     
  28.585        0.304           28.281            1.125           27.460            1.668           26.917            2.258           26.327     
  10.923        3.083            7.839            2.884            8.038            2.466            8.457            3.181            7.742     
   4.493        1.289            3.204            1.024            3.470            0.528            3.966            1.273            3.220     
  -2.032        0.166           -2.198           -0.336           -1.695           -1.096           -0.936           -0.317           -1.715     
  49.570       -1.550           51.120           -0.693           50.263            0.027           49.543           -0.834           50.404     
  25.263        1.720           23.543            3.225           22.038            4.513           20.750            3.848           21.415     
   8.533        4.003            4.529            4.986            3.547            5.667            2.866            5.123            3.409     
   2.892        2.544            0.348            3.618           -0.726            4.334           -1.442            3.820           -0.928     
  -2.462        1.740           -4.201            2.875           -5.336            3.538           -6.000            3.055           -5.517     
  47.682       -5.706           53.388           -5.796           53.477           -5.879           53.561           -5.854           53.536     
  22.275       -3.366           25.641           -2.866           25.141           -2.424           24.699           -2.202           24.478     
   3.203       -2.500            5.703           -2.845            6.048           -3.239            6.442           -2.894            6.096     
  -2.820       -4.043            1.222           -4.400            1.580           -4.833            2.013           -4.458            1.638     
  -8.795       -4.926           -3.870           -5.412           -3.383           -6.032           -2.763           -5.624           -3.171     
  51.530        4.170           47.360            4.864           46.666            5.791           45.738            4.142           47.387     
  23.662        3.537           20.125            4.999           18.663            6.579           17.083            5.124           18.537     
   6.812        4.613            2.198            5.932            0.880            7.175           -0.363            5.839            0.972     
   1.004        2.626           -1.622            4.162           -3.158            5.530           -4.526            4.222           -3.219     
  -4.613        0.965           -5.578            2.769           -7.381            4.231           -8.844            2.953           -7.566     

Statistical Summary dH-+
                     allparams_bound                     gamma_bound                      simple_unbound                      zeta_bound             
Unsigned Error             -0.000                            -0.000                            0.000                             -0.000               
RMSD                       3.063                             3.233                             3.607                             3.369                
CV                         2.811                             2.887                             3.087                             2.912                
AIC                       117.220                           118.309                           124.602                           122.173               
dAIC                       0.000                             1.089                             7.382                             4.953                
AICc                     119.320                           119.262                           124.875                           123.126               
dAICc                     0.058                             0.000                             5.613                             3.864                
