RESULTS

For the following solvents:
DMF  
We considered all the salts that could be formed with the following cations and anions:
Cations: Li  Na  K  Rb  Cs  
Anions: Cl  Br  I  

dGs
                     allparams_bound                     gamma_bound                      simple_unbound                      zeta_bound             
Ref dGs        error            result           error            result           error            result           error            result        
  -3.420        2.607           -6.027            2.018           -5.438           -4.040            0.620            2.590           -6.010     
  -9.912        0.546          -10.457           -0.647           -9.264          -11.703            1.791            0.755          -10.666     
 -18.286       -3.252          -15.034           -3.502          -14.784          -18.520            0.234           -3.409          -14.877     
   6.861        0.989            5.872            2.420            4.441            6.137            0.724            1.118            5.742     
   2.087       -0.451            2.539            0.858            1.229            0.102            1.986           -0.556            2.644     
  -4.209       -0.541           -3.668            0.994           -5.203           -4.504            0.295           -0.328           -3.881     
   8.090       -0.138            8.229            0.017            8.073            7.580            0.511           -0.313            8.403     
   4.907        0.321            4.586            0.219            4.688            3.160            1.747            0.042            4.865     
   0.321        1.225           -0.904            1.664           -1.343            0.206            0.115            0.963           -0.643     
   7.337       -1.697            9.035           -1.720            9.058            6.877            0.460           -1.744            9.081     
   4.744       -0.725            5.469           -0.972            5.716            3.041            1.703           -0.908            5.652     
   0.837        0.893           -0.056            1.172           -0.335            0.769            0.068            0.742            0.095     
   6.618       -1.761            8.379           -2.693            9.311            6.316            0.302           -1.414            8.032     
   4.718        0.309            4.408           -1.025            5.743            3.206            1.512            0.690            4.028     
   1.312        1.675           -0.363            1.198            0.114            1.374           -0.061            1.771           -0.459     

Statistical Summary dGs
                     allparams_bound                     gamma_bound                      simple_unbound                      zeta_bound             
Unsigned Error             -0.000                            0.000                             -0.000                            0.000                
RMSD                       1.437                             1.677                             6.980                             1.452                
CV                         1.961                             1.918                             5.886                             1.697                
AIC                        22.878                            23.505                            62.293                            19.188               
dAIC                       3.689                             4.317                             43.105                            0.000                
AICc                      33.378                            27.505                            63.293                            23.188               
dAICc                     10.189                            4.317                             40.105                            0.000                


dG-+
                     allparams_bound                     gamma_bound                      simple_unbound                      zeta_bound             
Ref dG-+       error            result           error            result           error            result           error            result        
  51.554       -4.352           55.905           -4.197           55.751           -4.582           56.136           -4.227           55.781     
  54.876       -0.035           54.910           -0.217           55.093            0.213           54.663           -0.489           55.365     
  60.182        4.276           55.906            4.439           55.743            4.175           56.007            4.437           55.745     
  23.399       -4.455           27.854           -4.446           27.845           -4.532           27.931           -4.155           27.554     
  26.721       -0.138           26.859           -0.466           27.187            0.263           26.458           -0.417           27.138     
  32.027        4.173           27.854            4.190           27.837            4.225           27.802            4.509           27.518     
   6.071       -3.608            9.679           -3.493            9.563           -3.825            9.896           -3.434            9.505     
   9.393        0.709            8.684            0.488            8.905            0.970            8.423            0.304            9.089     
  14.699        5.019            9.680            5.144            9.555            4.932            9.767            5.230            9.469     
   0.837       -4.449            5.285           -4.331            5.167           -4.672            5.508           -4.278            5.114     
   4.159       -0.132            4.290           -0.351            4.509            0.123            4.036           -0.539            4.698     
   9.465        4.179            5.286            4.306            5.159            4.085            5.380            4.387            5.078     
  -4.254       -4.710            0.456           -4.561            0.307           -4.974            0.720           -4.576            0.322     
  -0.932       -0.393           -0.539           -0.581           -0.352           -0.180           -0.753           -0.838           -0.094     
   4.374        3.917            0.456            4.076            0.298            3.782            0.591            4.088            0.286     

Statistical Summary dG-+
                     allparams_bound                     gamma_bound                      simple_unbound                      zeta_bound             
Unsigned Error             0.001                             -0.000                            0.000                             0.000                
RMSD                       3.542                             3.549                             3.600                             3.568                
CV                         3.934                             3.911                             3.530                             3.729                
AIC                        49.940                            46.003                            42.431                            46.164               
dAIC                       7.509                             3.573                             0.000                             3.733                
AICc                      60.440                            50.003                            43.431                            50.164               
dAICc                     17.009                            6.573                             0.000                             6.733                
