RESULTS

For the following solvents:
DMF  
We considered all the salts that could be formed with the following cations and anions:
Cations: Li  Na  K  Rb  Cs  
Anions: Cl  Br  I  

dHs
                     allparams_bound                     gamma_bound                      simple_unbound                      zeta_bound             
Ref dHs        error            result           error            result           error            result           error            result        
  -9.806        2.818          -12.625            3.148          -12.955           -2.976           -6.830            6.114          -15.920     
 -16.426        0.316          -16.743           -0.148          -16.279          -10.146           -6.280           -0.456          -15.970     
 -24.011       -3.126          -20.885           -2.937          -21.074          -16.999           -7.012           -8.398          -15.612     
  -2.107        1.340           -3.447            1.617           -3.724            4.674           -6.782            6.819           -8.927     
  -6.980        0.069           -7.049           -0.465           -6.514           -0.791           -6.189            2.054           -9.034     
 -12.770       -0.812          -11.958           -0.667          -12.103           -5.787           -6.983           -4.180           -8.590     
  -0.856       -0.954            0.098           -0.646           -0.211            6.025           -6.882            3.419           -4.275     
  -4.021       -0.371           -3.650           -0.869           -3.152            2.281           -6.301            0.345           -4.366     
  -8.047        0.174           -8.221            0.344           -8.391           -0.980           -7.068           -4.087           -3.960     
  -0.686       -1.739            1.053           -1.424            0.739            6.219           -6.905            2.459           -3.145     
  -3.327       -0.669           -2.658           -1.162           -2.165            2.995           -6.322           -0.087           -3.240     
  -6.131        1.116           -7.247            1.291           -7.422            0.959           -7.089           -3.299           -2.832     
   0.002       -1.393            1.395           -1.050            1.052            6.982           -6.979            1.847           -1.845     
  -1.795        0.712           -2.507            0.253           -2.048            4.617           -6.411            0.124           -1.918     
  -4.223        2.517           -6.740            2.715           -6.938            2.927           -7.150           -2.673           -1.550     

Statistical Summary dHs
                     allparams_bound                     gamma_bound                      simple_unbound                      zeta_bound             
Unsigned Error             -0.000                            -0.000                            -0.000                            -0.000               
RMSD                       1.524                             1.564                             6.462                             3.936                
CV                         1.921                             1.699                             5.739                             3.947                
AIC                        24.645                            21.424                            59.979                            49.102               
dAIC                       3.222                             0.000                             38.555                            27.678               
AICc                      35.145                            25.424                            60.979                            53.102               
dAICc                     9.722                             0.000                             35.555                            27.678               


dH-+
                     allparams_bound                     gamma_bound                      simple_unbound                      zeta_bound             
Ref dH-+       error            result           error            result           error            result           error            result        
  50.382       -5.339           55.721           -5.247           55.629           -6.165           56.547           -5.955           56.337     
  53.991       -0.221           54.213           -0.303           54.295           -1.094           55.086           -1.510           55.501     
  60.612        4.890           55.722            4.987           55.625            4.192           56.420            4.348           56.264     
  24.976       -5.322           30.298           -5.344           30.320           -3.582           28.558           -3.359           28.335     
  28.585       -0.204           28.789           -0.401           28.986            1.488           27.097            1.086           27.499     
  35.206        4.907           30.299            4.889           30.316            6.775           28.430            6.944           28.262     
   7.314       -3.144           10.458           -3.076           10.389           -3.347           10.661           -3.116           10.430     
  10.923        1.974            8.949            1.867            9.055            1.723            9.200            1.329            9.594     
  17.543        7.084           10.459            7.158           10.385            7.010           10.533            7.187           10.356     
   0.884       -5.214            6.098           -5.147            6.032           -5.423            6.307           -5.189            6.074     
   4.493       -0.096            4.589           -0.204            4.698           -0.352            4.846           -0.744            5.238     
  11.114        5.015            6.099            5.086            6.028            4.935            6.179            5.113            6.000     
  -5.641       -6.558            0.917           -6.480            0.840           -7.196            1.555           -6.960            1.320     
  -2.032       -1.440           -0.592           -1.537           -0.494           -2.125            0.094           -2.515            0.484     
   4.589        3.671            0.918            3.753            0.836            3.161            1.428            3.342            1.247     

Statistical Summary dH-+
                     allparams_bound                     gamma_bound                      simple_unbound                      zeta_bound             
Unsigned Error             0.003                             0.000                             -0.000                            0.000                
RMSD                       4.319                             4.322                             4.481                             4.472                
CV                         4.806                             4.761                             4.542                             4.827                
AIC                        55.889                            51.909                            48.997                            52.937               
dAIC                       6.892                             2.912                             0.000                             3.940                
AICc                      66.389                            55.909                            49.997                            56.937               
dAICc                     16.392                            5.912                             0.000                             6.940                
