RESULTS

For the following solvents:
EG  
We considered all the salts that could be formed with the following cations and anions:
Cations: Li  Na  K  Rb  Cs  
Anions: F  Cl  Br  I  

dGs
                     allparams_bound                     gamma_bound                      simple_unbound                      zeta_bound             
Ref dGs        error            result           error            result           error            result           error            result        
   8.344       10.797           -2.453           11.190           -2.846           10.587           -2.244           13.819           -5.475     
  -6.814       -3.759           -3.055           -3.516           -3.298           -4.496           -2.318           -1.240           -5.574     
 -10.844       -2.295           -8.549           -3.776           -7.067           -7.733           -3.111           -4.136           -6.708     
 -15.992       -4.743          -11.249           -4.189          -11.803          -13.946           -2.046          -10.636           -5.356     
   4.760        1.577            3.183            2.262            2.497            7.067           -2.308            6.472           -1.712     
   0.168       -2.444            2.612           -1.914            2.082            2.554           -2.386            1.983           -1.814     
  -2.143        0.267           -2.410           -1.015           -1.128            1.100           -3.242            0.864           -3.007     
  -5.213        0.599           -5.812            1.482           -6.695           -3.129           -2.084           -3.644           -1.568     
  -1.652       -5.164            3.512           -4.814            3.162            0.431           -2.082           -2.555            0.903     
   1.111       -1.813            2.924           -1.615            2.727            3.269           -2.158            0.308            0.803     
   0.390        2.621           -2.232            1.031           -0.642            3.386           -2.997            0.763           -0.373     
  -0.970        4.355           -5.325            4.873           -5.843            0.909           -1.879           -1.997            1.028     

Statistical Summary dGs
                     allparams_bound                     gamma_bound                      simple_unbound                      zeta_bound             
Unsigned Error             -0.000                            -0.000                            -0.000                            -0.000               
RMSD                       4.312                             4.397                             6.306                             5.728                
CV                         5.708                             4.953                             5.802                             4.969                
AIC                        47.074                            43.541                            48.197                            49.890               
dAIC                       3.533                             0.000                             4.656                             6.349                
AICc                      63.874                            49.255                            49.530                            55.604               
dAICc                     14.619                            0.000                             0.275                             6.349                


dG-+
                     allparams_bound                     gamma_bound                      simple_unbound                      zeta_bound             
Ref dG-+       error            result           error            result           error            result           error            result        
   7.768       -8.182           15.949          -22.695           30.463          -26.452           34.220          -26.322           34.090     
  35.875      -10.173           46.048            0.031           35.844            1.761           34.113            1.785           34.090     
  41.659        0.539           41.120           -2.258           43.917            8.970           32.689            7.569           34.090     
  50.191       17.816           32.375           17.109           33.083           16.193           33.999           16.101           34.090     
 -17.089       -8.182           -8.907          -17.475            0.387          -26.060            8.971          -25.549            8.461     
  11.018      -10.173           21.192            5.251            5.767            2.154            8.865            2.558            8.461     
  16.802        0.539           16.263            2.962           13.840            9.362            7.440            8.342            8.461     
  25.335       17.816            7.519           22.328            3.006           16.585            8.750           16.874            8.461     
 -34.130       -8.182          -25.949          -22.055          -12.075          -27.198           -6.932          -26.448           -7.682     
  -6.023      -10.173            4.150            0.671           -6.694            1.015           -7.038            1.659           -7.682     
  -0.239        0.539           -0.778           -1.618            1.378            8.224           -8.463            7.443           -7.682     
   8.294       17.816           -9.523           17.749           -9.455           15.447           -7.153           15.976           -7.682     

Statistical Summary dG-+
                     allparams_bound                     gamma_bound                      simple_unbound                      zeta_bound             
Unsigned Error             0.000                             -0.000                            -0.000                            -0.013               
RMSD                       11.047                            14.311                            16.173                            15.914               
CV                         14.308                            15.930                            16.010                            15.712               
AIC                        69.652                            71.865                            70.801                            74.413               
dAIC                       0.000                             2.213                             1.149                             4.761                
AICc                      86.452                            77.579                            72.134                            80.127               
dAICc                     14.317                            5.445                             0.000                             7.993                
