RESULTS

For the following solvents:
DMSO  
We considered all the salts that could be formed with the following cations and anions:
Cations: Li  Na  K  Rb  Cs  
Anions: Cl  Br  I  

dHs
                     allparams_bound                     gamma_bound                      simple_unbound                      zeta_bound             
Ref dHs        error            result           error            result           error            result           error            result        
 -10.715        2.783          -13.498            2.887          -13.602           -4.484           -6.230            2.865          -13.580     
 -17.191        0.256          -17.448           -0.727          -16.464          -11.623           -5.568            0.694          -17.885     
 -24.369       -3.136          -21.233           -3.145          -21.224          -17.930           -6.439           -3.363          -21.006     
  -1.414        1.334           -2.748            2.409           -3.823            4.761           -6.175            1.385           -2.799     
  -6.143        0.084           -6.227            0.041           -6.185           -0.679           -5.465           -0.304           -5.839     
 -11.527       -0.815          -10.712            0.162          -11.689           -5.119           -6.408           -0.687          -10.840     
   0.171       -0.561            0.732           -0.188            0.360            6.437           -6.266           -0.707            0.879     
  -2.849        0.030           -2.880           -0.706           -2.143            2.720           -5.569           -0.331           -2.519     
  -6.470        0.587           -7.057            0.851           -7.321            0.011           -6.481            0.224           -6.693     
  -0.280       -2.119            1.839           -1.770            1.491            6.006           -6.286           -2.114            1.834     
  -2.777       -1.037           -1.740           -1.800           -0.977            2.808           -5.585           -1.303           -1.474     
  -5.174        0.757           -5.932            0.996           -6.171            1.324           -6.499            0.515           -5.689     
   0.839       -1.403            2.241           -1.278            2.117            7.194           -6.355           -0.813            1.652     
  -0.815        0.696           -1.511           -0.280           -0.535            4.858           -5.673            1.308           -2.123     
  -2.837        2.543           -5.380            2.547           -5.384            3.716           -6.553            2.632           -5.469     

Statistical Summary dHs
                     allparams_bound                     gamma_bound                      simple_unbound                      zeta_bound             
Unsigned Error             -0.000                            -0.000                            -0.000                            -0.000               
RMSD                       1.545                             1.661                             6.879                             1.610                
CV                         1.933                             1.790                             6.078                             2.263                
AIC                        25.056                            23.231                            61.853                            22.283               
dAIC                       2.772                             0.948                             39.569                            0.000                
AICc                      35.556                            27.231                            62.853                            26.283               
dAICc                     9.272                             0.948                             36.569                            0.000                


dH-+
                     allparams_bound                     gamma_bound                      simple_unbound                      zeta_bound             
Ref dH-+       error            result           error            result           error            result           error            result        
  50.621       -0.094           50.716           -5.264           55.885           -6.069           56.690           -5.899           56.521     
  54.374       -0.092           54.466           -0.320           54.694           -0.939           55.313           -1.268           55.641     
  61.401       -0.090           61.491            5.531           55.870            4.839           56.562            4.962           56.439     
  23.614       -0.383           23.997           -5.790           29.404           -4.374           27.988           -4.195           27.809     
  27.366       -0.381           27.747           -0.846           28.213            0.756           26.610            0.436           26.930     
  34.393       -0.379           34.772            5.005           29.388            6.534           27.859            6.666           27.727     
   5.617        1.527            4.089           -3.704            9.320           -3.891            9.508           -3.706            9.323     
   9.369        1.529            7.840            1.240            8.129            1.239            8.130            0.926            8.444     
  16.396        1.531           14.865            7.091            9.305            7.017            9.379            7.155            9.241     
  -0.191        0.261           -0.452           -4.967            4.776           -5.197            5.006           -5.010            4.819     
   3.561        0.263            3.299           -0.024            3.585           -0.067            3.628           -0.379            3.940     
  10.588        0.264           10.324            5.827            4.761            5.711            4.877            5.851            4.737     
  -7.146       -1.321           -5.826           -6.506           -0.641           -7.199            0.053           -7.011           -0.136     
  -3.394       -1.319           -2.075           -1.562           -1.832           -2.069           -1.325           -2.379           -1.015     
   3.633       -1.317            4.950            4.289           -0.656            3.709           -0.076            3.851           -0.218     

Statistical Summary dH-+
                     allparams_bound                     gamma_bound                      simple_unbound                      zeta_bound             
Unsigned Error             -0.000                            0.000                             0.000                             0.000                
RMSD                       0.927                             4.509                             4.611                             4.606                
CV                         1.002                             5.027                             4.627                             4.892                
AIC                        9.739                             53.185                            49.854                            53.818               
dAIC                       0.000                             43.445                            40.115                            44.079               
AICc                      20.239                            57.185                            50.854                            57.818               
dAICc                     0.000                             36.945                            30.615                            37.579               
