RESULTS

For the following solvents:
EG  
We considered all the salts that could be formed with the following cations and anions:
Cations: Li  Na  K  Rb  Cs  
Anions: Cl  Br  I  

dGs
                     allparams_bound                     gamma_bound                      simple_unbound                      zeta_bound             
Ref dGs        error            result           error            result           error            result           error            result        
  -6.814        1.733           -8.547            1.623           -8.437           -2.220           -4.594            3.983          -10.797     
 -10.844        0.258          -11.102            0.050          -10.894           -6.857           -3.987           -0.294          -10.550     
 -15.992       -1.991          -14.001           -2.012          -13.980          -11.190           -4.802           -5.516          -10.476     
   0.168       -0.045            0.213            0.278           -0.110            4.710           -4.542            4.058           -3.890     
  -2.143       -0.155           -1.988            0.059           -2.202            1.743           -3.886            1.556           -3.699     
  -5.213        0.200           -5.413            0.617           -5.830           -0.439           -4.773           -1.672           -3.541     
   1.111       -1.664            2.776           -1.864            2.976            5.828           -4.717            0.407            0.704     
   0.390       -0.085            0.474           -0.391            0.780            4.464           -4.074           -0.522            0.911     
  -0.970        1.749           -2.719            1.640           -2.609            3.960           -4.930           -2.002            1.032     

Statistical Summary dGs
                     allparams_bound                     gamma_bound                      simple_unbound                      zeta_bound             
Unsigned Error             -0.000                            0.000                             -0.000                            -0.000               
RMSD                       1.199                             1.223                             5.499                             2.838                
CV                         2.011                             1.732                             5.936                             3.215                
AIC                        15.265                            11.624                            34.682                            26.778               
dAIC                       3.641                             0.000                             23.058                            15.154               
AICc                      57.265                            21.624                            36.682                            36.778               
dAICc                     35.641                            0.000                             15.058                            15.154               


dG-+
                     allparams_bound                     gamma_bound                      simple_unbound                      zeta_bound             
Ref dG-+       error            result           error            result           error            result           error            result        
  35.875       -7.166           43.041           -7.011           42.886           -7.414           43.289           -7.092           42.967     
  41.659        0.013           41.645           -0.149           41.808           -0.185           41.844           -0.818           42.476     
  50.191        7.148           43.043            7.308           42.884            7.019           43.173            7.264           42.927     
  11.018       -7.161           18.180           -7.190           18.209           -6.667           17.685           -6.320           17.338     
  16.802        0.018           16.784           -0.328           17.131            0.562           16.240           -0.045           16.847     
  25.335        7.152           18.183            7.128           18.206            7.766           17.568            8.036           17.298     
  -6.023       -7.165            1.142           -6.979            0.956           -7.581            1.558           -7.219            1.196     
  -0.239        0.014           -0.253           -0.117           -0.122           -0.352            0.113           -0.944            0.705     
   8.294        7.149            1.145            7.340            0.954            6.852            1.442            7.137            1.156     

Statistical Summary dG-+
                     allparams_bound                     gamma_bound                      simple_unbound                      zeta_bound             
Unsigned Error             0.002                             0.000                             -0.000                            0.000                
RMSD                       5.843                             5.848                             5.906                             5.890                
CV                         7.532                             7.288                             6.403                             6.951                
AIC                        43.776                            39.790                            35.966                            39.918               
dAIC                       7.810                             3.824                             0.000                             3.951                
AICc                      85.776                            49.790                            37.966                            49.918               
dAICc                     47.810                            11.824                            0.000                             11.951               
