RESULTS

For the following solvents:
BuOH  
We considered all the salts that could be formed with the following cations and anions:
Cations: Li  Na  K  Rb  Cs  
Anions: F  Cl  Br  I  

dGs
                     allparams_bound                     gamma_bound                      simple_unbound                      zeta_bound             
Ref dGs        error            result           error            result           error            result           error            result        
   9.322        1.559            7.764            1.643            7.679            0.743            8.579            1.516            7.806     
   6.246       -0.221            6.468           -0.458            6.704           -2.102            8.349           -0.197            6.443     
   3.248       -1.414            4.662           -1.654            4.902           -5.411            8.659           -1.522            4.770     
  10.433       -0.000           10.433            0.404           10.029            1.794            8.638            0.025           10.408     
   8.946        0.018            8.928           -0.058            9.004            0.534            8.412            0.040            8.906     
   7.658        0.054            7.604            0.341            7.317           -1.054            8.712            0.104            7.555     
  10.660       -0.516           11.175            0.016           10.644            2.006            8.654           -0.351           11.011     
   9.763        0.041            9.722            0.132            9.632            1.337            8.427            0.220            9.543     
   9.154        0.779            8.375            1.214            7.940            0.427            8.727            0.978            8.176     
   9.391       -1.359           10.749           -1.597           10.988            0.696            8.695           -1.542           10.932     
   9.187        0.163            9.024           -0.723            9.910            0.714            8.474           -0.096            9.283     
   9.080        0.896            8.184            0.740            8.340            0.317            8.763            0.825            8.255     

Statistical Summary dGs
                     allparams_bound                     gamma_bound                      simple_unbound                      zeta_bound             
Unsigned Error             -0.000                            -0.000                            -0.000                            -0.000               
RMSD                       0.818                             0.959                             1.957                             0.859                
CV                         1.046                             1.124                             1.710                             1.017                
AIC                        7.180                             7.003                             20.113                            4.364                
dAIC                       2.817                             2.639                             15.750                            0.000                
AICc                      23.980                            12.717                            21.447                            10.078               
dAICc                     13.902                            2.639                             11.369                            0.000                


dG-+
                     allparams_bound                     gamma_bound                      simple_unbound                      zeta_bound             
Ref dG-+       error            result           error            result           error            result           error            result        
  11.711       -7.067           18.778           -6.945           18.656           -7.037           18.748           -6.828           18.539     
  16.730       -0.250           16.981           -0.726           17.457           -0.410           17.141           -0.875           17.605     
  25.335        6.555           18.779            6.695           18.640            6.721           18.614            6.873           18.461     
  -5.497       -5.828            0.331           -5.358           -0.139           -5.671            0.174           -5.425           -0.072     
  -0.478        0.989           -1.467            0.860           -1.338            0.955           -1.433            0.528           -1.006     
   8.126        7.794            0.332            8.282           -0.155            8.087            0.039            8.276           -0.150     
 -11.711       -7.289           -4.422           -7.232           -4.480           -7.384           -4.327           -7.130           -4.582     
  -6.692       -0.472           -6.220           -1.013           -5.679           -0.758           -5.935           -1.177           -5.516     
   1.912        6.333           -4.421            6.408           -4.496            6.374           -4.462            6.572           -4.660     
 -16.252       -7.068           -9.184           -6.943           -9.310           -7.087           -9.165           -6.823           -9.429     
 -11.233       -0.252          -10.982           -0.725          -10.509           -0.461          -10.773           -0.870          -10.363     
  -2.629        6.554           -9.183            6.697           -9.326            6.671           -9.300            6.879           -9.508     

Statistical Summary dG-+
                     allparams_bound                     gamma_bound                      simple_unbound                      zeta_bound             
Unsigned Error             -0.001                            0.000                             0.000                             -0.000               
RMSD                       5.591                             5.624                             5.657                             5.649                
CV                         6.260                             6.421                             5.833                             6.278                
AIC                        53.308                            49.449                            45.589                            49.553               
dAIC                       7.719                             3.861                             0.000                             3.965                
AICc                      70.108                            55.164                            46.922                            55.268               
dAICc                     23.186                            8.242                             0.000                             8.346                
