RESULTS

For the following solvents:
water  MeOH  EtOH  1PrOH  DMSO  DMA  DMF  PC  ACE  BuOH  EG  FA  MeCN  
We considered all the salts that could be formed with the following cations and anions:
Cations: Li  Na  K  Rb  Cs  
Anions: Cl  

dGs
                     allparams_bound                     gamma_bound                      simple_unbound                      zeta_bound             
Ref dGs        error            result           error            result           error            result           error            result        
  -9.610       -7.391           -2.219           -8.379           -1.232          -12.974            3.363           -9.358           -0.253     
  -2.150       -8.647            6.497           -6.741            4.591           -5.465            3.315           -6.085            3.935     
  -1.279       -7.350            6.071           -6.971            5.693           -5.096            3.817           -7.787            6.509     
  -1.769       -8.205            6.436           -7.698            5.929           -5.729            3.961           -8.894            7.126     
  -2.082       -7.661            5.579           -7.517            5.435           -6.368            4.286           -9.854            7.772     
  -5.739       -3.376           -2.362           -4.655           -1.083          -10.156            4.417           -5.185           -0.554     
   2.678       -3.732            6.410           -2.235            4.913           -1.647            4.325           -0.973            3.651     
   3.884       -2.324            6.208           -2.839            6.723           -0.768            4.652           -2.411            6.295     
   3.681       -2.966            6.646           -3.512            7.193           -1.057            4.738           -3.254            6.934     
   3.152       -2.766            5.918           -3.952            7.104           -1.810            4.963           -4.468            7.620     
  -2.297        0.067           -2.364           -1.182           -1.114           -6.829            4.532           -1.707           -0.590     
   6.263       -0.148            6.411            1.371            4.892            1.825            4.438            2.648            3.615     
   7.254        1.023            6.230            0.484            6.770            2.506            4.748            0.988            6.265     
   7.051        0.375            6.676           -0.210            7.261            2.223            4.828            0.143            6.908     
   6.618        0.658            5.961           -0.594            7.212            1.575            5.043           -0.979            7.597     
  -0.767        1.673           -2.440            0.290           -1.057           -5.318            4.550           -0.177           -0.590     
   8.127        1.792            6.335            3.177            4.950            3.671            4.456            4.512            3.616     
   8.999        2.842            6.157            2.164            6.834            4.235            4.764            2.732            6.266     
   8.987        2.383            6.603            1.658            7.328            4.143            4.844            2.078            6.909     
   8.196        2.306            5.889            0.911            7.285            3.138            5.058            0.597            7.599     
  -4.448       -2.092           -2.356           -2.724           -1.724          -10.164            5.716           -3.462           -0.986     
   4.112       -2.311            6.423           -0.184            4.296           -1.507            5.619            0.891            3.221     
   5.103       -1.329            6.432           -1.668            6.771           -0.677            5.780           -0.827            5.930     
   5.091       -1.844            6.935           -2.353            7.444           -0.725            5.815           -1.499            6.589     
   4.132       -2.204            6.336           -3.633            7.766           -1.806            5.939           -3.183            7.315     
  -1.747        0.496           -2.243           -0.107           -1.640           -7.217            5.470           -0.838           -0.909     
   8.080        1.541            6.539            3.689            4.390            2.709            5.370            4.780            3.299     
   9.046        2.532            6.515            2.284            6.762            3.489            5.557            3.049            5.998     
   9.441        2.432            7.008            2.036            7.405            3.841            5.600            2.786            6.655     
   9.367        2.978            6.388            1.708            7.659            3.627            5.740            1.993            7.374     
  -3.420       -1.194           -2.226           -1.865           -1.556           -8.723            5.303           -2.567           -0.854     
   6.861        0.303            6.557            2.383            4.478            1.659            5.202            3.506            3.355     
   8.090        1.582            6.508            1.318            6.772            2.682            5.408            2.045            6.046     
   7.337        0.343            6.995           -0.054            7.392            1.881            5.457            0.637            6.700     
   6.618        0.259            6.359           -0.977            7.595            1.009            5.609           -0.797            7.415     
   5.590        7.743           -2.153            6.817           -1.227            1.763            3.827            5.984           -0.393     
  10.852        4.257            6.595            6.160            4.692            7.097            3.755            7.048            3.804     
   9.500        3.226            6.275            3.371            6.130            5.327            4.174            3.090            6.411     
   7.505        0.830            6.675            1.028            6.477            3.215            4.290            0.466            7.039     
   5.758       -0.120            5.877           -0.412            6.170            1.188            4.569           -1.945            7.703     
   6.403        8.022           -1.619            8.397           -1.994            1.306            5.097            7.240           -0.838     
  13.864        6.699            7.165            9.824            4.040            8.868            4.996           10.493            3.371     
  13.301        6.208            7.092            7.042            6.258            8.080            5.221            7.246            6.054     
  12.811        5.240            7.570            5.958            6.853            7.535            5.275            6.104            6.706     
  12.498        5.581            6.917            5.498            7.000            7.055            5.442            5.082            7.415     
   9.322        2.980            6.343            4.381            4.942            4.856            4.467            5.711            3.612     
  10.433        4.266            6.166            3.600            6.833            5.660            4.773            4.169            6.263     
  10.660        4.046            6.613            3.331            7.329            5.808            4.852            3.754            6.906     
   9.391        3.490            5.901            2.102            7.289            4.325            5.065            1.794            7.596     
  -6.814       -4.500           -2.314           -5.665           -1.149          -11.321            4.507           -6.228           -0.586     
   0.168       -6.292            6.460           -4.688            4.856           -4.245            4.413           -3.451            3.619     
   1.111       -5.164            6.275           -5.609            6.721           -3.615            4.726           -5.157            6.268     
  -8.726       -6.473           -2.254           -7.455           -1.271          -13.451            4.725           -8.065           -0.661     
  -0.788       -7.313            6.526           -5.538            4.750           -5.415            4.628           -4.333            3.546     
   0.968       -5.413            6.381           -5.774            6.742           -3.941            4.909           -5.239            6.207     
   0.311       -6.528            6.838           -6.958            7.269           -4.670            4.980           -6.542            6.853     
  -0.241       -6.385            6.144           -7.528            7.287           -5.420            5.179           -7.790            7.549     
   7.263        9.555           -2.292            8.567           -1.303            4.300            2.963            7.399           -0.136     
  10.756        4.366            6.390            6.345            4.411            7.815            2.942            6.715            4.041     
  10.337        4.473            5.864            5.140            5.197            6.815            3.522            3.753            6.584     
   9.584        3.388            6.196            4.256            5.328            5.892            3.692            2.393            7.191     
   9.056        3.771            5.285            4.391            4.665            4.996            4.060            1.235            7.820     

Statistical Summary dGs
                     allparams_bound                     gamma_bound                      simple_unbound                      zeta_bound             
Unsigned Error             -0.000                            -0.000                            -0.000                            0.011                
RMSD                       4.459                             4.660                             5.586                             4.789                
CV                         3.950                             4.202                             4.883                             4.180                
AIC                       197.380                           198.842                           217.305                           202.236               
dAIC                       0.000                             1.461                             19.925                            4.856                
AICc                     198.908                           199.543                           217.509                           202.938               
dAICc                     0.000                             0.636                             18.601                            4.030                


dG-+
                     allparams_bound                     gamma_bound                      simple_unbound                      zeta_bound             
Ref dG-+       error            result           error            result           error            result           error            result        
  34.656       -0.443           35.099           -2.346           37.002           -2.828           37.484           -3.713           38.368     
   9.321       -2.156           11.477            0.005            9.316           -1.189           10.510           -1.983           11.304     
  -7.648       -2.137           -5.511           -0.844           -6.804           -1.578           -6.070           -2.317           -5.331     
 -13.145       -4.601           -8.544           -2.316          -10.830           -3.101          -10.045           -3.826           -9.319     
 -18.642       -7.216          -11.426           -3.706          -14.936           -4.436          -14.206           -5.147          -13.495     
  37.094       -1.877           38.971           -4.859           41.953           -4.771           41.865           -4.817           41.911     
  10.803       -3.943           14.746           -3.403           14.206           -3.978           14.781           -3.934           14.737     
  -6.501       -1.797           -4.704           -4.341           -2.160           -4.255           -2.246           -4.153           -2.347     
 -12.285       -3.737           -8.548           -6.018           -6.267           -5.917           -6.368           -5.801           -6.483     
 -17.567       -4.729          -12.838           -7.052          -10.515           -6.781          -10.786           -6.651          -10.916     
  37.046       -2.545           39.591           -5.384           42.430           -5.242           42.287           -5.224           42.270     
  10.612       -4.719           15.331           -4.068           14.680           -4.586           15.197           -4.477           15.089     
  -6.477       -2.124           -4.353           -4.767           -1.710           -4.605           -1.872           -4.439           -2.038     
 -12.261       -3.990           -8.271           -6.436           -5.825           -6.253           -6.008           -6.074           -6.187     
 -17.639       -4.939          -12.700           -7.552          -10.086           -7.188          -10.451           -6.994          -10.645     
  38.241       -0.706           38.947           -4.368           42.609           -4.202           42.442           -4.130           42.371     
  11.472       -3.211           14.684           -3.386           14.858           -3.880           15.352           -3.717           15.190     
  -5.497       -0.473           -5.025           -3.963           -1.534           -3.775           -1.722           -3.555           -1.942     
 -11.472       -2.521           -8.952           -5.823           -5.650           -5.613           -5.860           -5.379           -6.093     
 -16.491       -3.092          -13.399           -6.578           -9.913           -6.186          -10.306           -5.937          -10.554     
  48.088        1.192           46.896            1.094           46.994            1.734           46.354            2.267           45.821     
  21.654       -0.937           22.590            2.415           19.239            2.398           19.256            3.022           18.632     
   4.565        3.736            0.829            1.924            2.641            2.756            1.809            3.439            1.126     
  -1.410        2.310           -3.720            0.127           -1.537            1.031           -2.441            1.728           -3.138     
  -6.262        3.173           -9.435           -0.334           -5.927            0.856           -7.118            1.568           -7.830     
  53.035        6.612           46.424            7.081           45.954            7.600           45.435            7.990           45.046     
  25.335        3.252           22.082            7.139           18.196            7.004           18.330            7.484           17.850     
   8.270        7.591            0.679            6.636            1.634            7.321            0.948            7.860            0.410     
   1.888        5.654           -3.766            4.422           -2.534            5.171           -3.283            5.724           -3.836     
  -3.848        5.396           -9.244            3.053           -6.901            4.069           -7.917            4.637           -8.485     
  51.554        6.022           45.531            6.255           45.299            6.703           44.850            7.015           44.539     
  23.399        2.222           21.177            5.859           17.539            5.655           17.743            6.058           17.341     
   6.071        6.026            0.045            5.067            1.004            5.661            0.410            6.121           -0.050     
   0.837        5.155           -4.319            3.992           -3.155            4.643           -3.807            5.117           -4.281     
  -4.254        5.369           -9.623            3.250           -7.504            4.154           -8.408            4.644           -8.898     
  38.480        0.563           37.917           -0.573           39.053           -0.816           39.296           -1.390           39.870     
  15.344        1.384           13.960            4.011           11.333            3.083           12.261            2.599           12.745     
   0.598        4.793           -4.196            5.501           -4.903            5.128           -4.531            4.701           -4.104     
  -3.394        4.220           -7.614            5.574           -8.968            5.182           -8.576            4.768           -8.162     
  -7.457        3.686          -11.143            5.682          -13.139            5.398          -12.855            4.999          -12.456     
  45.889       -4.330           50.219            2.283           43.606            2.525           43.364            2.359           43.530     
  20.555       -5.308           25.863            4.708           15.846            4.298           16.257            4.222           16.332     
   5.019        0.027            4.993            5.682           -0.663            6.048           -1.029            6.030           -1.011     
  -0.478       -1.195            0.717            4.335           -4.813            4.751           -5.229            4.748           -5.226     
  -5.975       -1.584           -4.391            3.168           -9.143            3.820           -9.795            3.832           -9.807     
  11.711       -3.097           14.809           -3.181           14.892           -3.671           15.382           -3.507           15.218     
  -5.497       -0.575           -4.922           -3.995           -1.503           -3.801           -1.696           -3.580           -1.917     
 -11.711       -2.855           -8.856           -6.092           -5.619           -5.876           -5.835           -5.641           -6.070     
 -16.252       -2.936          -13.317           -6.369           -9.883           -5.969          -10.284           -5.719          -10.533     
  35.875       -4.059           39.933           -6.382           42.257           -6.261           42.136           -6.287           42.162     
  11.018       -4.660           15.679           -3.489           14.507           -4.029           15.047           -3.964           14.982     
  -6.023       -2.061           -3.962           -4.145           -1.878           -4.008           -2.015           -3.886           -2.137     
  40.320       -1.449           41.769           -2.742           43.062           -2.533           42.854           -2.480           42.800     
  14.508       -2.951           17.459           -0.799           15.307           -1.247           15.755           -1.103           15.611     
  -3.346       -0.722           -2.624           -2.223           -1.123           -1.958           -1.388           -1.757           -1.589     
  -8.676       -2.010           -6.666           -3.426           -5.250           -3.130           -5.546           -2.915           -5.761     
 -13.934       -2.609          -11.325           -4.400           -9.534           -3.904          -10.031           -3.673          -10.261     
  37.906        5.177           32.729            2.742           35.165            2.039           35.867            0.859           37.047     
  16.539        7.054            9.485            9.023            7.516            7.577            8.962            6.488           10.052     
   0.860        7.268           -6.407            9.354           -8.494            8.279           -7.419            7.244           -6.384     
  -4.374        4.700           -9.074            8.109          -12.483            6.953          -11.327            5.932          -10.305     
  -9.656        1.709          -11.365            6.874          -16.530            5.726          -15.381            4.717          -14.373     

Statistical Summary dG-+
                     allparams_bound                     gamma_bound                      simple_unbound                      zeta_bound             
Unsigned Error             -0.000                            0.002                             -0.000                            0.000                
RMSD                       3.878                             4.872                             4.810                             4.782                
CV                         3.594                             4.652                             4.586                             4.639                
AIC                       180.068                           204.366                           198.766                           202.043               
dAIC                       0.000                             24.298                            18.698                            21.975               
AICc                     181.595                           205.067                           198.969                           202.745               
dAICc                     0.000                             23.473                            17.374                            21.150               
