RESULTS

For the following solvents:
water  MeOH  EtOH  1PrOH  DMSO  DMA  DMF  PC  ACE  BuOH  EG  FA  MeCN  
We considered all the salts that could be formed with the following cations and anions:
Cations: Li  Na  K  Rb  Cs  
Anions: Cl  

dHs
                     allparams_bound                     gamma_bound                      simple_unbound                      zeta_bound             
Ref dHs        error            result           error            result           error            result           error            result        
  -8.850       -1.468           -7.383           -2.514           -6.337           -8.738           -0.112           -2.614           -6.236     
   0.928       -0.872            1.800            0.594            0.334            1.017           -0.089            0.398            0.530     
   4.115        0.886            3.228            0.729            3.386            4.442           -0.327            0.922            3.193     
   4.070        0.147            3.923           -0.102            4.172            4.465           -0.394            0.305            3.766     
   4.209        0.451            3.758           -0.535            4.743            4.757           -0.548            0.336            3.872     
 -11.479       -1.930           -9.549           -2.815           -8.664          -10.869           -0.610           -3.195           -8.284     
  -2.705       -2.383           -0.322           -0.761           -1.944           -2.138           -0.567           -1.335           -1.370     
   0.936       -0.352            1.288           -0.373            1.310            1.657           -0.721           -0.961            1.897     
   1.346       -0.697            2.042           -0.817            2.162            2.107           -0.762           -1.324            2.669     
   1.891       -0.090            1.981           -0.959            2.849            2.759           -0.868           -1.231            3.122     
 -11.240       -1.493           -9.747           -2.361           -8.879          -10.576           -0.665           -2.680           -8.560     
  -1.271       -0.754           -0.517            0.885           -2.156           -0.651           -0.620            0.366           -1.637     
   1.868        0.758            1.110            0.751            1.117            2.635           -0.766            0.181            1.688     
   3.162        1.292            1.870            1.186            1.976            3.966           -0.804            0.684            2.478     
   3.826        2.008            1.819            1.152            2.674            4.733           -0.906            0.862            2.965     
 -11.503       -1.630           -9.873           -2.482           -9.021          -10.830           -0.673           -2.981           -8.522     
  -1.725       -1.082           -0.643            0.573           -2.298           -1.096           -0.629           -0.127           -1.598     
   1.486        0.500            0.986            0.509            0.977            2.260           -0.774           -0.246            1.732     
   2.918        1.221            1.697            0.382            2.536            3.831           -0.913           -0.098            3.016     
 -10.715        0.884          -11.599            0.194          -10.909           -9.490           -1.224            0.938          -11.653     
  -1.414        0.952           -2.366            2.768           -4.182           -0.236           -1.178            3.304           -4.718     
   0.171        0.757           -0.585            0.910           -0.739            1.426           -1.254            1.055           -0.884     
  -0.280       -0.501            0.221           -0.451            0.172            0.991           -1.271           -0.342            0.062     
   0.839        0.574            0.265           -0.137            0.975            2.168           -1.329           -0.026            0.865     
   0.115        1.982           -1.866            3.737           -3.622            1.176           -1.061            4.251           -4.135     
   2.060        2.172           -0.112            2.267           -0.208            3.208           -1.149            2.448           -0.388     
   1.675        0.962            0.713            0.197            1.478            2.911           -1.235            0.399            1.276     
  -9.806        1.018          -10.825            0.239          -10.046           -8.778           -1.029            0.845          -10.651     
  -2.107       -0.519           -1.588            1.208           -3.315           -1.126           -0.981            1.598           -3.705     
  -0.856       -1.003            0.146           -0.933            0.077            0.222           -1.079           -0.832           -0.025     
  -0.686       -1.625            0.939           -1.658            0.972            0.416           -1.102           -1.561            0.875     
   0.002       -0.950            0.953           -1.740            1.742            1.176           -1.174           -1.575            1.577     
  -1.919        6.279           -8.198            5.282           -7.201           -1.588           -0.332            5.328           -7.248     
   4.680        3.671            1.009            5.183           -0.503            4.978           -0.297            5.080           -0.399     
   4.999        2.476            2.524            2.355            2.645            5.495           -0.495            2.449            2.550     
   4.381        1.134            3.247            0.918            3.463            4.931           -0.550            1.163            3.218     
   3.898        0.769            3.129           -0.189            4.087            4.580           -0.682            0.414            3.484     
   0.044        0.456           -0.412            2.083           -2.039            0.652           -0.608            1.677           -1.633     
 -11.025       -1.095           -9.931           -1.954           -9.072          -10.270           -0.756           -1.871           -9.154     
  -3.326       -2.629           -0.697           -0.982           -2.345           -2.617           -0.710           -1.108           -2.219     
  -0.665       -1.625            0.960           -1.626            0.961            0.177           -0.843           -1.869            1.204     
  -0.901       -2.630            1.729           -2.731            1.830           -0.025           -0.876           -2.926            2.025     
  -0.762       -2.457            1.695           -3.310            2.547            0.208           -0.970           -3.331            2.568     
  -7.177       -0.523           -6.655           -1.606           -5.571           -7.254            0.077           -1.761           -5.417     
   2.984        0.483            2.500            1.915            1.069            2.896            0.087            1.727            1.257     
   3.422       -0.426            3.848           -0.609            4.031            3.609           -0.187           -0.228            3.650     
   2.971       -1.544            4.515           -1.816            4.787            3.238           -0.268           -1.163            4.133     
   2.751       -1.555            4.306           -2.559            5.310            3.192           -0.441           -1.344            4.095     

Statistical Summary dHs
                     allparams_bound                     gamma_bound                      simple_unbound                      zeta_bound             
Unsigned Error             0.000                             -0.000                            0.000                             -0.000               
RMSD                       1.690                             1.927                             4.746                             1.987                
CV                         1.466                             1.616                             3.755                             1.668                
AIC                        62.400                            70.954                           153.495                            73.934               
dAIC                       0.000                             8.553                             91.095                            11.534               
AICc                      64.449                            71.884                           153.762                            74.864               
dAICc                     0.000                             7.435                             89.313                            10.415               


dH-+
                     allparams_bound                     gamma_bound                      simple_unbound                      zeta_bound             
Ref dH-+       error            result           error            result           error            result           error            result        
  39.197       -3.165           42.362           -2.544           41.741           -3.160           42.357           -4.097           43.294     
  11.711       -4.123           15.835           -3.697           15.409           -1.834           13.545           -2.645           14.356     
  -7.887       -5.153           -2.734           -4.758           -3.129           -3.723           -4.164           -4.456           -3.432     
 -14.101       -7.654           -6.447           -7.326           -6.775           -5.691           -8.410           -6.405           -7.696     
 -20.077       -9.797          -10.280           -9.573          -10.503           -7.221          -12.855           -7.916          -12.161     
  45.602        0.266           45.336            0.318           45.284           -1.434           47.037           -1.480           47.082     
  19.120        0.754           18.367            0.642           18.479            1.013           18.108            1.094           18.026     
  -0.932        1.072           -2.004            1.057           -1.989           -0.852           -0.080           -0.691           -0.241     
  -7.600       -1.290           -6.311           -1.331           -6.270           -3.117           -4.483           -2.937           -4.664     
 -13.982       -2.808          -11.174           -2.880          -11.102           -4.780           -9.202           -4.579           -9.403     
  46.463        0.613           45.850            0.615           45.848           -1.025           47.488           -1.003           47.466     
  18.786       -0.069           18.855           -0.228           19.014            0.234           18.552            0.383           18.403     
  -0.765        0.923           -1.688            0.872           -1.637           -1.084            0.319           -0.855            0.090     
  -8.317       -2.268           -6.049           -2.341           -5.977           -4.219           -4.099           -3.970           -4.347     
 -14.818       -3.805          -11.013           -3.901          -10.917           -5.974           -8.844           -5.705           -9.113     
  45.339        0.145           45.194            0.091           45.248           -2.314           47.653           -2.234           47.574     
  17.854       -0.343           18.197           -0.559           18.412           -0.863           18.717           -0.656           18.510     
  -1.769        0.595           -2.363            0.489           -2.258           -2.248            0.479           -1.961            0.193     
 -15.296       -3.587          -11.709           -3.736          -11.560           -6.607           -8.689           -6.280           -9.016     
  50.621       -1.344           51.966           -1.806           52.428           -1.211           51.832           -0.641           51.263     
  23.614       -1.324           24.938           -1.945           25.559            0.726           22.887            1.423           22.191     
   5.617        2.742            2.875            2.337            3.280            1.365            4.251            2.144            3.473     
  -0.191        1.757           -1.949            1.364           -1.555            0.098           -0.289            0.896           -1.087     
  -7.146        0.708           -7.854            0.358           -7.504           -1.862           -5.284           -1.042           -6.104     
  29.541        4.854           24.687            4.399           25.142            7.643           21.898            8.186           21.355     
  11.185        8.300            2.886            8.042            3.143            7.854            3.332            8.479            2.707     
  -0.526        7.068           -7.593            6.847           -7.372            5.611           -6.137            6.278           -6.804     
  50.382       -0.639           51.021           -0.861           51.243            0.157           50.225            0.491           49.892     
  24.976        1.019           23.957            0.640           24.336            3.705           21.271            4.165           20.811     
   7.314        4.959            2.355            4.764            2.550            4.556            2.757            5.098            2.215     
   0.884        3.217           -2.333            3.023           -2.139            2.631           -1.747            3.193           -2.308     
  -5.641        2.298           -7.938            2.126           -7.766            1.022           -6.662            1.605           -7.245     
  44.790       -0.007           44.797            0.441           44.349            0.497           44.293           -0.110           44.900     
  20.483        2.459           18.024            2.729           17.754            5.067           15.416            4.587           15.896     
   3.752        5.152           -1.400            5.452           -1.700            6.273           -2.520            5.871           -2.119     
  -1.888        3.507           -5.395            3.759           -5.648            4.953           -6.841            4.570           -6.459     
  -7.242        2.459           -9.701            2.641           -9.883            4.170          -11.412            3.808          -11.049     
  21.104        1.883           19.221            1.765           19.339            2.713           18.391            2.816           18.288     
  39.747       -8.090           47.837           -8.097           47.844           -8.346           48.093           -8.286           48.033     
  14.340       -6.465           20.805           -6.631           20.972           -4.807           19.147           -4.620           18.960     
  -4.732       -4.703           -0.029           -4.740            0.008           -5.569            0.837           -5.302            0.569     
 -10.755       -6.274           -4.481           -6.327           -4.429           -7.150           -3.605           -6.864           -3.892     
 -16.730       -7.116           -9.614           -7.180           -9.550           -8.335           -8.395           -8.028           -8.703     
  47.084        6.787           40.297            7.556           39.528            6.454           40.630            5.203           41.881     
  19.216        5.171           14.045            5.725           13.491            7.324           11.892            6.200           13.016     
   2.366        6.087           -3.721            6.553           -4.187            7.971           -5.605            6.923           -4.557     
  -3.442        3.724           -7.166            4.104           -7.546            6.338           -9.780            5.309           -8.750     
  -9.058        1.507          -10.566            1.753          -10.811            5.052          -14.111            4.041          -13.100     

Statistical Summary dH-+
                     allparams_bound                     gamma_bound                      simple_unbound                      zeta_bound             
Unsigned Error             0.000                             -0.000                            0.000                             0.000                
RMSD                       4.214                             4.225                             4.663                             4.586                
CV                         3.617                             3.560                             4.054                             4.023                
AIC                       150.082                           146.348                           151.802                           154.219               
dAIC                       3.734                             0.000                             5.454                             7.871                
AICc                     152.130                           147.278                           152.068                           155.149               
dAICc                     4.852                             0.000                             4.790                             7.871                
