RESULTS

For the following solvents:
DMF  
We considered all the salts that could be formed with the following cations and anions:
Cations: Li  Na  K  Rb  Cs  
Anions: F  Cl  Br  I  

dGs
                     allparams_bound                     gamma_bound                      simple_unbound                      zeta_bound             
Ref dGs        error            result           error            result           error            result           error            result        
  10.614       12.048           -1.433           11.218           -0.603            8.853            1.761           12.203           -1.589     
  -3.420       -1.934           -1.487           -2.321           -1.099           -5.241            1.821           -1.920           -1.501     
  -9.912       -2.982           -6.930           -4.707           -5.205          -12.374            2.463           -2.856           -7.055     
 -18.286       -7.053          -11.233           -7.157          -11.129          -19.897            1.610           -7.092          -11.194     
  10.328        2.915            7.414            4.196            6.132            8.514            1.815            2.919            7.409     
   6.861       -0.604            7.465            1.181            5.680            4.982            1.878           -0.749            7.609     
   2.087       -1.514            3.601           -0.146            2.233           -0.481            2.569           -1.662            3.750     
  -4.209       -1.160           -3.049            0.462           -4.670           -5.852            1.643           -1.301           -2.907     
   4.204       -3.875            8.079           -3.732            7.936            2.504            1.700           -3.810            8.015     
   8.090        0.019            8.071            0.630            7.460            6.329            1.762           -0.061            8.152     
   4.907        1.145            3.761            1.080            3.827            2.468            2.438            1.094            3.813     
   0.321        2.178           -1.857            2.967           -2.646           -1.224            1.545            2.058           -1.737     
   7.337       -0.935            8.273           -0.626            7.964            5.603            1.734           -0.979            8.317     
   4.744        0.671            4.074            0.367            4.377            2.330            2.414            0.647            4.097     
   0.837        2.432           -1.595            2.953           -2.117           -0.683            1.519            2.343           -1.507     
  -1.484       -8.201            6.717           -9.668            8.184           -3.072            1.588           -7.962            6.478     
   6.618       -0.031            6.649           -1.064            7.682            4.970            1.648            0.069            6.549     
   4.718        2.851            1.867            0.866            3.852            2.408            2.310            3.013            1.705     
   1.312        4.029           -2.717            3.501           -2.189           -0.136            1.449            4.047           -2.735     

Statistical Summary dGs
                     allparams_bound                     gamma_bound                      simple_unbound                      zeta_bound             
Unsigned Error             -0.000                            0.000                             -0.000                            -0.000               
RMSD                       4.230                             4.383                             6.950                             4.232                
CV                         4.463                             4.005                             5.699                             3.958                
AIC                        66.803                            64.153                            77.673                            62.821               
dAIC                       3.982                             1.333                             14.853                            0.000                
AICc                      73.803                            67.011                            78.423                            65.678               
dAICc                     8.125                             1.333                             12.745                            0.000                


dG-+
                     allparams_bound                     gamma_bound                      simple_unbound                      zeta_bound             
Ref dG-+       error            result           error            result           error            result           error            result        
  22.323       -1.921           24.244          -18.411           40.734          -25.101           47.424          -25.004           47.327     
  51.554       -7.186           58.740            8.909           42.644            4.234           47.319            4.227           47.327     
  54.876        0.230           54.645            2.632           52.244            9.015           45.861            7.549           47.327     
  60.182        8.733           51.449           18.507           41.675           12.990           47.192           12.855           47.327     
  -5.832       -2.026           -3.805          -27.497           21.665          -25.324           19.492          -24.932           19.100     
  23.399       -7.291           30.690           -0.177           23.576            4.011           19.388            4.299           19.100     
  26.721        0.125           26.596           -6.454           33.175            8.792           17.929            7.621           19.100     
  32.027        8.628           23.399            9.421           22.606           12.767           19.260           12.927           19.100     
 -23.160       -1.179          -21.981          -17.818           -5.342          -24.792            1.632          -24.210            1.051     
   6.071       -6.444           12.515            9.502           -3.431            4.544            1.527            5.020            1.051     
   9.393        0.973            8.420            3.225            6.168            9.324            0.069            8.342            1.051     
  14.699        9.475            5.224           19.099           -4.401           13.299            1.400           13.648            1.051     
 -28.394       -2.019          -26.375          -19.894           -8.500          -25.681           -2.713          -25.054           -3.340     
   0.837       -7.284            8.121            7.426           -6.589            3.654           -2.818            4.177           -3.340     
   4.159        0.132            4.026            1.149            3.010            8.435           -4.276            7.499           -3.340     
   9.465        8.635            0.830           17.023           -7.559           12.410           -2.945           12.805           -3.340     
 -33.485       -2.280          -31.205          -22.981          -10.504          -26.030           -7.455          -25.353           -8.132     
  -4.254       -7.545            3.291            4.339           -8.593            3.305           -7.560            3.878           -8.132     
  -0.932       -0.129           -0.803           -1.938            1.006            8.086           -9.018            7.200           -8.132     
   4.374        8.374           -4.000           13.937           -9.563           12.061           -7.687           12.506           -8.132     

Statistical Summary dG-+
                     allparams_bound                     gamma_bound                      simple_unbound                      zeta_bound             
Unsigned Error             0.000                             -0.000                            -0.000                            -0.000               
RMSD                       5.749                             14.007                            14.987                            14.712               
CV                         5.561                             14.297                            14.211                            13.897               
AIC                        81.960                           113.584                           112.287                           115.548               
dAIC                       0.000                             31.623                            30.327                            33.587               
AICc                      88.422                           116.250                           112.993                           118.214               
dAICc                     0.000                             27.828                            24.571                            29.793               
