RESULTS

For the following solvents:
DMF  
We considered all the salts that could be formed with the following cations and anions:
Cations: Li  Na  K  Rb  Cs  
Anions: F  Cl  Br  I  

dHs
                     allparams_bound                     gamma_bound                      simple_unbound                      zeta_bound             
Ref dHs        error            result           error            result           error            result           error            result        
  -3.549       12.840          -16.390            8.791          -12.340            4.552           -8.101            9.522          -13.071     
  -9.806       -1.440           -8.366            2.500          -12.306           -1.879           -7.928            3.152          -12.959     
 -16.426       -3.309          -13.118           -4.810          -11.616          -10.349           -6.077           -5.153          -11.273     
 -24.011       -7.953          -16.057           -7.571          -16.440          -15.474           -8.536          -11.361          -12.650     
  -6.573        4.199          -10.773            0.521           -7.094            1.373           -7.946            2.886           -9.459     
  -2.107        0.511           -2.618            4.924           -7.031            5.656           -7.763            7.241           -9.349     
  -6.980       -1.591           -5.389           -1.086           -5.894           -1.209           -5.771            0.713           -7.693     
 -12.770       -1.498          -11.272           -1.388          -11.382           -4.329           -8.441           -3.745           -9.026     
 -12.964       -4.240           -8.723           -7.468           -5.495           -4.686           -8.278           -5.904           -7.060     
  -0.856       -0.214           -0.642            4.592           -5.449            7.243           -8.100            6.091           -6.948     
  -4.021       -0.048           -3.973            0.417           -4.438            2.127           -6.148            1.263           -5.284     
  -8.047        0.515           -8.562            1.587           -9.634            0.677           -8.725           -1.412           -6.636     
 -14.744       -6.014           -8.730           -9.689           -5.055           -6.388           -8.357           -8.268           -6.476     
  -0.686       -0.034           -0.652            4.323           -5.009            7.493           -8.179            5.678           -6.364     
  -3.327        0.516           -3.843            0.640           -3.967            2.890           -6.217            1.375           -4.702     
  -6.131        2.365           -8.495            3.047           -9.177            2.668           -8.799           -0.077           -6.053     
 -16.900       -6.603          -10.297          -11.768           -5.132           -8.299           -8.601          -11.094           -5.806     
   0.002        2.295           -2.293            5.105           -5.102            8.431           -8.428            5.696           -5.693     
  -1.795        4.420           -6.215            2.430           -4.225            4.724           -6.519            2.226           -4.021     
  -4.223        5.283           -9.506            4.905           -9.128            4.779           -9.003            1.169           -5.392     

Statistical Summary dHs
                     allparams_bound                     gamma_bound                      simple_unbound                      zeta_bound             
Unsigned Error             -0.000                            0.000                             -0.000                            -0.000               
RMSD                       4.585                             5.422                             6.332                             5.794                
CV                         5.184                             5.531                             5.818                             5.582                
AIC                        72.912                            75.617                            77.823                            78.273               
dAIC                       0.000                             2.705                             4.911                             5.361                
AICc                      79.374                            78.284                            78.529                            80.940               
dAICc                     1.090                             0.000                             0.245                             2.656                


dH-+
                     allparams_bound                     gamma_bound                      simple_unbound                      zeta_bound             
Ref dH-+       error            result           error            result           error            result           error            result        
  12.452       -2.544           14.997          -25.741           38.193          -32.949           45.401          -32.935           45.387     
  50.382       -9.030           59.412            9.883           40.500            5.085           45.297            4.995           45.387     
  53.991        0.105           53.886            1.403           52.589           10.137           43.854            8.604           45.387     
  60.612       10.579           50.032           21.338           39.274           15.441           45.171           15.225           45.387     
 -12.954       -2.530          -10.424          -32.319           19.364          -30.718           17.764          -30.353           17.399     
  24.976       -9.016           33.992            3.305           21.671            7.316           17.660            7.578           17.399     
  28.585        0.120           28.465           -5.174           33.760           12.368           16.217           11.187           17.399     
  35.206       10.594           24.612           14.761           20.445           17.671           17.534           17.807           17.399     
 -30.617       -0.351          -30.266          -22.268           -8.348          -30.709            0.092          -30.119           -0.498     
   7.314       -6.837           14.150           13.355           -6.042            7.325           -0.012            7.812           -0.498     
  10.923        2.299            8.624            4.876            6.047           12.377           -1.455           11.421           -0.498     
  17.543       12.773            4.770           24.811           -7.268           17.681           -0.138           18.041           -0.498     
 -37.046       -2.421          -34.625          -25.798          -11.248          -32.839           -4.207          -32.194           -4.852     
   0.884       -8.906            9.790            9.826           -8.942            5.195           -4.311            5.736           -4.852     
   4.493        0.229            4.264            1.346            3.147           10.247           -5.754            9.345           -4.852     
  11.114       10.703            0.410           21.282          -10.168           15.551           -4.437           15.966           -4.852     
 -43.571       -3.764          -39.807          -31.183          -12.388          -34.672           -8.899          -33.968           -9.603     
  -5.641      -10.250            4.609            4.441          -10.081            3.362           -9.003            3.963           -9.603     
  -2.032       -1.115           -0.917           -4.039            2.007            8.414          -10.446            7.572           -9.603     
   4.589        9.360           -4.771           15.896          -11.307           13.718           -9.129           14.192           -9.603     

Statistical Summary dH-+
                     allparams_bound                     gamma_bound                      simple_unbound                      zeta_bound             
Unsigned Error             -0.000                            0.000                             -0.000                            -0.126               
RMSD                       7.152                             17.761                            19.108                            18.842               
CV                         7.201                             17.761                            18.043                            17.850               
AIC                        90.696                           123.080                           122.004                           125.443               
dAIC                       0.000                             32.384                            31.308                            34.747               
AICc                      97.158                           125.747                           122.710                           128.110               
dAICc                     0.000                             28.590                            25.552                            30.952               
