RESULTS

For the following solvents:
water  MeOH  EtOH  1PrOH  DMSO  DMA  DMF  PC  ACE  BuOH  EG  FA  MeCN  
We considered all the salts that could be formed with the following cations and anions:
Cations: Li  
Anions: Cl  Br  I  

dGs
                     allparams_bound                     gamma_bound                      simple_unbound                      zeta_bound             
Ref dGs        error            result           error            result           error            result           error            result        
  -9.610      -11.104            1.494           -3.785           -5.825           -3.905           -5.705           -2.086           -7.525     
 -13.210       -8.367           -4.843          -10.403           -2.807           -9.743           -3.467           -8.435           -4.775     
 -17.808       -6.923          -10.886          -11.234           -6.575          -11.265           -6.543          -10.453           -7.356     
  -5.739       -2.951           -2.788            3.082           -8.820            2.370           -8.108            3.084           -8.823     
  -9.840       -1.717           -8.123           -4.165           -5.675           -4.213           -5.627           -3.352           -6.488     
 -15.347       -0.133          -15.213           -5.771           -9.576           -6.389           -8.958           -6.712           -8.635     
  -2.297        0.805           -3.101            6.782           -9.079            6.074           -8.371            6.625           -8.922     
  -6.207        2.147           -8.354           -0.283           -5.924           -0.338           -5.869            0.414           -6.621     
 -12.000        3.528          -15.528           -2.166           -9.835           -2.780           -9.220           -3.267           -8.733     
  -0.767        3.036           -3.803            8.545           -9.312            7.645           -8.412            8.238           -9.005     
  -5.323        3.625           -8.948            0.820           -6.143            0.562           -5.884            1.426           -6.749     
 -10.638        5.593          -16.231           -0.571          -10.068           -1.376           -9.262           -1.822           -8.816     
  -4.448        1.426           -5.874            6.987          -11.435            6.623          -11.070            5.280           -9.728     
 -11.537       -1.170          -10.367           -3.354           -8.183           -3.153           -8.384           -3.795           -7.741     
 -18.573       -0.279          -18.294           -6.384          -12.189           -6.655          -11.919           -9.031           -9.542     
  -1.747        2.618           -4.365            8.955          -10.702            8.762          -10.509            7.757           -9.504     
  -7.952        1.200           -9.152           -0.464           -7.488           -0.057           -7.894           -0.556           -7.396     
 -18.047       -1.256          -16.792           -6.590          -11.458           -6.689          -11.359           -8.732           -9.315     
  -3.420        0.407           -3.827            6.915          -10.335            6.708          -10.128            5.962           -9.382     
  -9.912       -1.169           -8.742           -2.775           -7.137           -2.367           -7.544           -2.691           -7.221     
 -18.286       -2.031          -16.255           -7.196          -11.091           -7.308          -10.978           -9.093           -9.193     
   5.590        4.905            0.685           12.448           -6.857           12.354           -6.764           13.597           -8.007     
  -0.351        5.017           -5.368            3.452           -3.803            4.105           -4.457            5.023           -5.375     
  -8.846        2.868          -11.714           -1.237           -7.609           -1.239           -7.607           -1.016           -7.830     
   6.403        4.459            1.944           14.742           -8.339           16.061           -9.658           15.051           -8.648     
  -0.782        3.186           -3.968            4.486           -5.267            6.535           -7.317            5.293           -6.074     
  -9.443        1.025          -10.468           -0.350           -9.093            1.061          -10.504           -0.978           -8.465     
  -6.814       -4.204           -2.610            2.083           -8.897            1.499           -8.313            2.041           -8.855     
 -10.844       -2.900           -7.943           -5.092           -5.752           -5.012           -5.831           -4.323           -6.521     
 -15.992       -0.956          -15.036           -6.339           -9.653           -6.829           -9.163           -7.325           -8.667     
  -8.726       -6.081           -2.645            0.490           -9.216            0.085           -8.811            0.253           -8.979     
 -13.043       -5.136           -7.906           -6.981           -6.062           -6.731           -6.311           -6.368           -6.675     
 -18.454       -3.382          -15.072           -8.482           -9.972           -8.793           -9.661           -9.663           -8.791     
   7.263        5.133            2.131           12.166           -4.903           12.057           -4.793           14.330           -7.067     
   1.083        5.535           -4.452            2.998           -1.916            3.698           -2.615            5.298           -4.216     
  -6.981        3.247          -10.228           -1.332           -5.649           -1.355           -5.626           -0.075           -6.907     

Statistical Summary dGs
                     allparams_bound                     gamma_bound                      simple_unbound                      zeta_bound             
Unsigned Error             -0.000                            -0.000                            0.000                             -0.101               
RMSD                       4.086                             6.502                             6.584                             6.821                
CV                         3.838                             5.611                             5.690                             5.918                
AIC                       113.349                           142.787                           139.694                           146.244               
dAIC                       0.000                             29.438                            26.346                            32.895               
AICc                     116.245                           144.077                           140.058                           147.534               
dAICc                     0.000                             27.832                            23.813                            31.289               


dG-+
                     allparams_bound                     gamma_bound                      simple_unbound                      zeta_bound             
Ref dG-+       error            result           error            result           error            result           error            result        
  34.656       -7.210           41.866           -6.855           41.511           -7.074           41.729           -6.093           40.749     
  40.870        0.518           40.352            1.966           38.904            1.434           39.436            0.121           40.749     
  49.952        8.055           41.897            8.393           41.559            8.364           41.589            9.203           40.749     
  37.094       -7.339           44.432           -9.418           46.511          -10.215           47.309           -9.329           46.422     
  42.806       -0.741           43.547           -2.843           45.649           -2.555           45.361           -3.616           46.422     
  50.980        6.546           44.434            4.499           46.481            3.828           47.152            4.558           46.422     
  37.046       -8.072           45.118           -9.995           47.041          -10.801           47.847           -9.951           46.997     
  42.949       -1.335           44.285           -3.372           46.321           -2.979           45.928           -4.048           46.997     
  50.837        5.717           45.119            3.829           47.008            3.147           47.690            3.839           46.997     
  38.241       -6.950           45.191           -8.808           47.049           -9.804           48.045           -8.918           47.159     
  43.499       -0.926           44.426           -3.018           46.517           -2.664           46.163           -3.660           47.159     
  51.864        6.673           45.192            4.851           47.014            3.977           47.887            4.705           47.159     
  48.088       -8.355           56.443           -4.492           52.580           -4.939           53.027           -4.596           52.684     
  50.813       -5.274           56.086           -2.370           53.183           -0.557           51.370           -1.871           52.684     
  57.457        1.009           56.448            4.899           52.558            4.585           52.872            4.773           52.684     
  53.035       -0.633           53.668            1.430           51.605            1.179           51.856            1.593           51.442     
  56.644        3.517           53.127            4.948           51.696            6.547           50.098            5.202           51.442     
  60.230        6.560           53.669            8.657           51.572            8.531           51.699            8.787           51.442     
  51.554       -0.276           51.829            0.725           50.828            0.442           51.111            0.923           50.631     
  54.876        3.668           51.208            4.179           50.696            5.567           49.308            4.245           50.631     
  60.182        8.352           51.830            9.389           50.793            9.228           50.954            9.551           50.631     
  38.480       -3.621           42.101           -5.295           43.775           -5.558           44.038           -4.674           43.154     
  42.352        1.586           40.765            0.690           41.662            0.510           41.842           -0.802           43.154     
  47.538        5.419           42.120            3.749           43.790            3.648           43.890            4.384           43.154     
  45.889       -4.317           50.207           -4.433           50.322           -3.329           49.219           -3.127           49.016     
  48.518       -0.441           48.959            0.063           48.455            1.447           47.072           -0.497           49.016     
  53.537        3.321           50.217            3.224           50.314            4.471           49.066            4.522           49.016     
  35.875       -9.110           44.984          -11.093           46.967          -11.779           47.654          -10.949           46.824     
  41.659       -2.442           44.100           -4.449           46.108           -4.048           45.707           -5.165           46.824     
  50.191        5.205           44.986            3.255           46.936            2.694           47.497            3.367           46.824     
  40.320       -6.197           46.517           -7.725           48.046           -8.248           48.568           -7.526           47.846     
  45.817        0.139           45.678           -1.493           47.311           -0.829           46.646           -2.029           47.846     
  54.087        7.569           46.518            6.075           48.012            5.676           48.411            6.241           47.846     
  37.906       -5.041           42.947           -1.665           39.571           -1.764           39.670           -0.727           38.633     
  41.539        0.260           41.279            5.002           36.537            4.247           37.292            2.906           38.633     
  47.156        4.165           42.991            7.499           39.657            7.619           39.537            8.523           38.633     

Statistical Summary dG-+
                     allparams_bound                     gamma_bound                      simple_unbound                      zeta_bound             
Unsigned Error             -0.002                            0.000                             -0.000                            -0.133               
RMSD                       5.204                             5.629                             5.777                             5.685                
CV                         4.863                             5.342                             5.118                             5.158                
AIC                       130.756                           132.414                           130.275                           133.128               
dAIC                       0.482                             2.139                             0.000                             2.853                
AICc                     133.653                           133.704                           130.638                           134.418               
dAICc                     3.015                             3.066                             0.000                             3.780                
