RESULTS

For the following solvents:
water  MeOH  EtOH  1PrOH  DMSO  DMA  DMF  PC  ACE  BuOH  EG  FA  MeCN  
We considered all the salts that could be formed with the following cations and anions:
Cations: Li  
Anions: Cl  Br  I  

dHs
                     allparams_bound                     gamma_bound                      simple_unbound                      zeta_bound             
Ref dHs        error            result           error            result           error            result           error            result        
  -8.850       -2.492           -6.359           -2.423           -6.428            3.609          -12.459           -0.244           -8.607     
 -11.670       -0.056          -11.614           -0.057          -11.613           -1.466          -10.204            2.591          -14.261     
 -15.120        1.766          -16.886            1.851          -16.970           -1.816          -13.304           -0.225          -14.895     
 -11.479       -1.571           -9.908           -1.571           -9.908            3.401          -14.880           -1.266          -10.214     
 -14.897       -0.584          -14.313           -0.707          -14.190           -2.517          -12.380           -3.420          -11.476     
 -19.661        0.813          -20.474            0.831          -20.492           -3.925          -15.736           -2.958          -16.702     
 -11.240       -1.074          -10.167           -1.074          -10.166            3.904          -15.145           -0.520          -10.721     
 -15.207       -0.706          -14.502           -0.834          -14.374           -2.583          -12.624           -3.584          -11.623     
 -20.043        0.690          -20.733            0.709          -20.752           -4.042          -16.001           -2.828          -17.215     
 -11.503       -0.746          -10.757           -0.763          -10.740            3.683          -15.187           -1.223          -10.280     
 -14.658        0.343          -15.000            0.192          -14.850           -2.018          -12.640           -3.949          -10.709     
 -20.378        0.947          -21.325            0.949          -21.326           -4.335          -16.043           -3.598          -16.780     
 -10.715        1.734          -12.449            1.766          -12.481            7.150          -17.865            6.862          -17.577     
 -17.191       -1.052          -16.139           -1.188          -16.003           -2.033          -15.158           -2.041          -15.150     
 -24.369       -1.359          -23.010           -1.309          -23.060           -5.650          -18.719           -0.327          -24.042     
  -9.806        0.935          -10.742            0.977          -10.784            7.109          -16.915            5.876          -15.682     
 -16.426       -1.636          -14.790           -1.740          -14.687           -2.114          -14.312           -1.321          -15.106     
 -24.011       -2.701          -21.310           -2.640          -21.370           -6.239          -17.772           -1.828          -22.182     
  -1.919        5.094           -7.014            5.157           -7.076           11.606          -13.526            8.091          -10.010     
  -7.368        4.660          -12.028            4.638          -12.006            3.833          -11.201            7.054          -14.422     
 -14.833        2.724          -17.557            2.804          -17.637           -0.458          -14.375            1.551          -16.384     
 -11.025       -1.253           -9.773           -1.227           -9.798            4.563          -15.588            1.385          -12.411     
 -13.319        0.796          -14.115            0.694          -14.014           -0.249          -13.070            0.033          -13.352     
 -18.537        1.802          -20.340            1.846          -20.384           -2.093          -16.444            0.369          -18.906     
  -7.177       -1.331           -5.846           -1.252           -5.925            4.363          -11.540            0.549           -7.727     
 -12.961       -1.651          -11.310           -1.629          -11.332           -3.615           -9.346            1.497          -14.458     
 -20.449       -4.094          -16.355           -4.000          -16.449           -8.070          -12.380           -6.526          -13.923     

Statistical Summary dHs
                     allparams_bound                     gamma_bound                      simple_unbound                      zeta_bound             
Unsigned Error             -0.000                            0.000                             0.000                             0.000                
RMSD                       2.065                             2.069                             4.633                             3.527                
CV                         1.960                             1.888                             4.289                             3.092                
AIC                        51.151                            47.270                            86.798                            76.060               
dAIC                       3.881                             0.000                             39.528                            28.790               
AICc                      55.351                            49.089                            87.298                            77.878               
dAICc                     6.263                             0.000                             38.210                            28.790               


dH-+
                     allparams_bound                     gamma_bound                      simple_unbound                      zeta_bound             
Ref dH-+       error            result           error            result           error            result           error            result        
  39.197      -11.369           50.566          -11.063           50.260          -11.291           50.487          -11.117           50.314     
  46.606       -2.535           49.142           -3.177           49.783           -3.049           49.655           -3.267           49.873     
  57.361        6.774           50.588            7.103           50.258            6.925           50.436            7.074           50.287     
  45.602       -7.092           52.695           -6.797           52.399           -6.910           52.512           -6.772           52.374     
  52.414        0.646           51.768            0.369           52.045            0.608           51.806            0.415           51.999     
  61.855        9.161           52.693            9.462           52.392            9.399           52.455            9.511           52.344     
  46.463       -6.411           52.874           -6.140           52.603           -6.245           52.708           -6.115           52.578     
  52.725        0.736           51.989            0.466           52.259            0.714           52.011            0.517           52.208     
  62.094        9.222           52.872            9.498           52.596            9.443           52.651            9.546           52.547     
  45.339       -7.646           52.986           -7.348           52.687           -7.440           52.779           -7.304           52.644     
  52.414        0.260           52.154            0.058           52.356            0.318           52.096            0.133           52.281     
  60.899        7.915           52.983            8.219           52.680            8.177           52.722            8.285           52.613     
  50.621       -3.840           54.462           -3.930           54.552           -3.966           54.587           -3.941           54.563     
  54.374        0.420           53.954            0.073           54.301            0.388           53.986            0.130           54.244     
  61.401        6.938           54.463            6.855           54.546            6.869           54.531            6.868           54.533     
  50.382       -3.445           53.828           -3.434           53.817           -3.510           53.892           -3.455           53.837     
  53.991        0.881           53.110            0.477           53.514            0.753           53.238            0.501           53.490     
  60.612        6.787           53.825            6.802           53.810            6.777           53.835            6.805           53.807     
  44.790       -6.601           51.390           -6.342           51.132           -6.535           51.325           -6.387           51.177     
  49.570       -0.537           50.107           -1.120           50.690           -0.958           50.528           -1.184           50.754     
  56.310        4.908           51.402            5.182           51.128            5.038           51.272            5.162           51.148     
  39.747      -13.294           53.041          -13.115           52.862          -13.223           52.969          -13.117           52.864     
  47.682       -4.469           52.151           -4.835           52.517           -4.590           52.272           -4.812           52.494     
  56.668        3.630           53.039            3.813           52.855            3.756           52.912            3.835           52.834     
  47.084       -2.721           49.806           -2.396           49.480           -2.656           49.740           -2.466           49.550     
  51.530        3.271           48.259            2.556           48.974            2.653           48.877            2.437           49.092     
  58.246        8.408           49.837            8.764           49.482            8.554           49.692            8.721           49.525     

Statistical Summary dH-+
                     allparams_bound                     gamma_bound                      simple_unbound                      zeta_bound             
Unsigned Error             -0.005                            -0.002                            0.000                             0.000                
RMSD                       6.243                             6.255                             6.267                             6.265                
CV                         5.849                             5.774                             5.615                             5.727                
AIC                       110.903                           107.007                           103.104                           107.086               
dAIC                       7.799                             3.902                             0.000                             3.982                
AICc                     115.103                           108.825                           103.604                           108.905               
dAICc                     11.499                            5.221                             0.000                             5.300                
