RESULTS

For the following solvents:
water  MeOH  EtOH  1PrOH  DMSO  DMA  DMF  PC  ACE  BuOH  EG  FA  MeCN  
We considered all the salts that could be formed with the following cations and anions:
Cations: Li  Na  K  Rb  Cs  
Anions: F  Cl  Br  I  

dGs
                     allparams_bound                     gamma_bound                      simple_unbound                      zeta_bound             
Ref dGs        error            result           error            result           error            result           error            result        
   3.779        3.522            0.257            4.895           -1.117            1.017            2.762            3.127            0.652     
  -9.610       -9.544           -0.066           -8.265           -1.345          -12.417            2.807          -10.027            0.417     
 -13.210      -10.432           -2.778          -10.106           -3.104          -16.505            3.295           -9.711           -3.498     
 -17.808      -11.255           -6.553          -10.395           -7.413          -20.432            2.624          -15.776           -2.032     
   0.673       -5.105            5.777           -4.773            5.446           -2.110            2.783           -5.713            6.386     
  -2.150       -7.639            5.489           -7.403            5.253           -4.981            2.831           -8.330            6.180     
  -4.031       -7.332            3.301           -8.062            4.031           -7.394            3.363           -6.744            2.713     
  -6.551       -5.298           -1.253           -5.475           -1.076           -9.178            2.627          -10.065            3.514     
  -5.810      -12.501            6.690          -11.673            5.862           -8.345            2.534          -13.010            7.199     
  -1.279       -7.661            6.383           -6.928            5.649           -3.860            2.581           -8.256            6.977     
  -1.570       -5.617            4.047           -5.846            4.276           -4.671            3.100           -4.954            3.383     
  -2.380       -2.215           -0.165           -1.900           -0.480           -4.773            2.393           -6.857            4.477     
  -1.769       -8.081            6.313           -7.443            5.675           -4.278            2.509           -8.817            7.049     
  -1.470       -5.483            4.014           -5.809            4.339           -4.502            3.032           -4.956            3.487     
  -1.601       -1.386           -0.215           -1.167           -0.434           -3.925            2.323           -6.167            4.566     
 -10.829      -16.401            5.572          -15.642            4.812          -13.132            2.303          -17.287            6.458     
  -2.082       -7.325            5.244           -6.660            4.579           -4.429            2.347           -8.300            6.218     
  -1.090       -3.841            2.751           -4.135            3.045           -3.944            2.854           -3.581            2.491     
  -0.719        0.398           -1.117            0.640           -1.360           -2.894            2.175           -4.597            3.878     
   9.300        9.983           -0.684           10.845           -1.546            7.068            2.232           10.755           -1.455     
  -5.739       -4.798           -0.941           -4.029           -1.709           -8.021            2.282           -4.235           -1.504     
  -9.840       -6.855           -2.985           -7.032           -2.808          -12.664            2.824           -6.327           -3.513     
 -15.347       -7.888           -7.459           -7.539           -7.807          -17.443            2.097          -11.307           -4.039     
   7.150        1.979            5.171            1.866            5.284            4.875            2.275            2.626            4.523     
   2.678       -2.270            4.948           -2.477            5.155            0.350            2.328           -1.826            4.504     
   0.295       -3.133            3.428           -4.299            4.594           -2.618            2.913           -2.649            2.944     
  -3.133       -1.309           -1.824           -1.930           -1.204           -5.255            2.121           -4.885            1.751     
   1.001       -6.445            7.447           -5.786            6.787           -1.112            2.114           -5.334            6.336     
   3.884       -3.321            7.204           -2.755            6.639            1.718            2.165           -2.417            6.300     
   3.090       -2.446            5.537           -2.835            5.926            0.352            2.738           -1.522            4.613     
   1.372        0.746            0.626            0.894            0.479           -0.603            1.975           -2.341            3.713     
   3.681       -3.903            7.583           -3.341            7.022            1.558            2.123           -3.020            6.701     
   3.478       -2.475            5.952           -2.869            6.347            0.779            2.698           -1.567            5.045     
   2.438        1.413            1.025            1.555            0.883            0.504            1.934           -1.693            4.131     
  -3.946      -11.502            7.556          -10.663            6.717           -5.907            1.961          -10.441            6.495     
   3.152       -4.141            7.294           -3.395            6.548            1.142            2.011           -3.290            6.442     
   3.642       -1.827            5.470           -2.032            5.674            1.072            2.570           -0.978            4.621     
   3.105        2.202            0.903            2.525            0.579            1.269            1.836           -0.910            4.015     
  12.550       13.414           -0.863           14.212           -1.662           10.376            2.174           14.366           -1.815     
  -2.297       -1.182           -1.115           -0.477           -1.820           -4.522            2.225           -0.449           -1.848     
  -6.207       -3.103           -3.104           -3.343           -2.864           -8.978            2.771           -2.507           -3.700     
 -12.000       -4.367           -7.634           -4.082           -7.919          -14.040            2.039           -7.615           -4.386     
  10.544        5.533            5.011            5.360            5.183            8.325            2.218            6.366            4.178     
   6.263        1.469            4.794            1.203            5.060            3.991            2.272            2.088            4.175     
   4.071        0.742            3.329           -0.482            4.553            1.210            2.861            1.301            2.770     
   0.356        2.335           -1.979            1.655           -1.299           -1.709            2.065           -1.063            1.419     
   4.180       -3.236            7.417           -2.610            6.790            2.115            2.066           -1.905            6.085     
   7.254        0.074            7.180            0.606            6.648            5.136            2.118            1.188            6.066     
   6.652        1.084            5.567            0.663            5.988            3.957            2.695            2.117            4.535     
   4.647        4.046            0.601            4.160            0.487            2.720            1.927            1.171            3.476     
   7.051       -0.549            7.600           -0.013            7.064            4.973            2.078            0.554            6.497     
   7.039        1.015            6.024            0.596            6.442            4.381            2.658            2.041            4.997     
   5.712        4.671            1.041            4.789            0.924            3.823            1.889            1.788            3.924     
  -0.672       -8.316            7.644           -7.486            6.814           -2.592            1.920           -7.002            6.331     
   6.618       -0.769            7.387           -0.033            6.651            4.648            1.971            0.324            6.294     
   7.299        1.681            5.618            1.468            5.831            4.765            2.535            2.670            4.629     
   6.475        5.480            0.995            5.793            0.681            4.679            1.796            2.611            3.864     
  -0.767        0.255           -1.022            0.969           -1.736           -2.983            2.216            0.924           -1.691     
  -5.323       -2.384           -2.939           -2.613           -2.709           -8.090            2.768           -1.984           -3.338     
 -10.638       -3.096           -7.542           -2.802           -7.836          -12.669            2.030           -6.407           -4.232     
   8.127        3.239            4.888            2.982            5.145            5.865            2.263            3.795            4.332     
   5.290        1.795            3.495            0.581            4.709            2.432            2.858            2.157            3.133     
   2.053        3.939           -1.886            3.268           -1.215           -0.003            2.056            0.479            1.574     
   8.999        1.711            7.288            2.255            6.743            6.889            2.110            2.765            6.233     
   7.751        2.004            5.747            1.596            6.155            5.059            2.692            2.843            4.908     
   6.224        5.516            0.708            5.643            0.582            4.305            1.919            2.583            3.641     
   8.987        1.274            7.713            1.823            7.164            6.917            2.070            2.319            6.668     
   8.329        2.121            6.209            1.716            6.613            5.674            2.656            2.956            5.374     
   7.481        6.328            1.153            6.458            1.023            5.600            1.881            3.388            4.093     
   8.196        0.685            7.510            1.437            6.759            6.232            1.963            1.723            6.473     
   8.231        2.418            5.813            2.221            6.011            5.698            2.533            3.218            5.013     
   7.885        6.767            1.117            7.096            0.789            6.096            1.788            3.844            4.041     
  -4.448       -1.073           -3.375           -1.071           -3.376           -6.084            1.636            1.601           -6.049     
 -11.537       -6.679           -4.857           -7.617           -3.920          -13.759            2.222           -5.080           -6.457     
 -18.573       -8.684           -9.889           -9.102           -9.471          -20.024            1.451           -9.999           -8.574     
   4.112        1.554            2.558            0.588            3.524            2.428            1.684            4.120           -0.008     
  -1.259       -2.859            1.600           -4.776            3.517           -3.572            2.314           -1.291            0.032     
  -6.217       -2.006           -4.210           -3.385           -2.832           -7.695            1.478           -3.465           -2.751     
   5.103       -0.992            6.095           -0.925            6.028            3.499            1.604            2.377            2.726     
   1.322       -3.666            4.988           -4.548            5.870           -0.899            2.221           -1.318            2.640     
  -1.926       -1.446           -0.480           -1.798           -0.128           -3.340            1.414           -2.075            0.149     
   5.091       -1.773            6.864           -1.632            6.723            3.505            1.586            1.678            3.413     
   1.900       -3.894            5.795           -4.702            6.602           -0.307            2.207           -1.458            3.358     
  -0.669       -0.979            0.310           -1.257            0.587           -2.067            1.398           -1.522            0.853     
   4.132       -3.231            7.364           -2.746            6.878            2.608            1.525            0.400            3.732     
   1.635       -4.466            6.101           -4.925            6.559           -0.495            2.129           -1.877            3.512     
  -0.433       -1.408            0.976           -1.346            0.913           -1.783            1.350           -1.747            1.315     
  -1.747        1.261           -3.008            1.385           -3.132           -3.505            1.758            3.605           -5.352     
  -7.952       -3.265           -4.687           -4.082           -3.870          -10.281            2.329           -1.633           -6.319     
 -18.047       -8.520           -9.527           -8.816           -9.231          -19.620            1.573          -10.158           -7.890     
   8.080        5.135            2.945            4.296            3.784            6.272            1.808            7.376            0.703     
   3.593        1.802            1.791            0.010            3.583            1.171            2.422            3.408            0.185     
  -4.424       -0.596           -3.828           -1.848           -2.576           -6.025            1.601           -2.372           -2.052     
   9.046        2.763            6.283            2.916            6.130            7.331            1.715            5.754            3.292     
   6.150        1.169            4.981            0.372            5.778            3.833            2.317            3.503            2.647     
  -0.157        0.138           -0.296           -0.127           -0.031           -1.682            1.524           -0.860            0.703     
   9.441        2.446            6.995            2.662            6.779            7.747            1.694            5.504            3.937     
   7.134        1.405            5.729            0.670            6.464            4.836            2.298            3.811            3.323     
   1.506        1.070            0.436            0.867            0.639            0.001            1.505            0.141            1.365     
   9.367        2.003            7.363            2.537            6.829            7.743            1.624            5.207            4.160     
   7.753        1.849            5.904            1.437            6.317            5.541            2.213            4.372            3.381     
   2.627        1.656            0.971            1.767            0.860            1.178            1.449            0.896            1.730     
  10.614       13.085           -2.471           13.400           -2.786            8.826            1.788           15.440           -4.826     
  -3.420       -0.723           -2.697           -0.502           -2.918           -5.262            1.841            1.364           -4.784     
  -9.912       -5.451           -4.460           -6.171           -3.740          -12.317            2.405           -3.917           -5.995     
 -18.286       -9.070           -9.216           -9.268           -9.018          -19.942            1.656          -10.962           -7.325     
  10.328        6.873            3.455            6.228            4.101            8.493            1.836            9.123            1.205     
   6.861        3.597            3.264            2.857            4.004            4.969            1.892            5.584            1.277     
   2.087        0.063            2.024           -1.631            3.719           -0.411            2.499            1.574            0.514     
  -4.209       -0.699           -3.510           -1.852           -2.357           -5.894            1.685           -2.727           -1.482     
   4.204       -2.458            6.662           -2.143            6.347            2.469            1.735            0.504            3.700     
   8.090        1.639            6.452            1.860            6.230            6.301            1.789            4.335            3.755     
   4.907       -0.157            5.064           -0.887            5.793            2.523            2.384            2.041            2.866     
   0.321        0.449           -0.128            0.252            0.068           -1.278            1.598           -0.842            1.163     
   7.337        0.219            7.119            0.494            6.843            5.573            1.765            2.971            4.367     
   4.744       -1.023            5.767           -1.700            6.444            2.381            2.363            1.235            3.509     
   0.837        0.278            0.559            0.134            0.702           -0.739            1.576           -0.955            1.792     
  -1.484       -9.106            7.621           -8.439            6.955           -3.120            1.636           -5.966            4.482     
   6.618       -0.773            7.391           -0.199            6.817            4.929            1.689            2.099            4.520     
   4.718       -1.128            5.846           -1.502            6.220            2.447            2.271            1.221            3.496     
   1.312        0.315            0.998            0.465            0.847           -0.202            1.514           -0.775            2.087     
  22.851       23.130           -0.279           24.256           -1.405           20.322            2.529           23.383           -0.532     
   5.590        6.172           -0.582            7.204           -1.614            3.015            2.576            6.301           -0.711     
  -0.351        2.753           -3.104            2.834           -3.186           -3.431            3.079            3.735           -4.086     
  -8.846       -1.763           -7.082           -1.151           -7.695          -11.237            2.392           -5.649           -3.197     
  17.546       12.119            5.427           12.240            5.306           14.984            2.562           12.208            5.338     
  10.852        5.693            5.159            5.720            5.132            8.240            2.612            5.664            5.188     
   6.629        3.469            3.160            2.531            4.097            3.470            3.159            4.368            2.261     
   0.213        1.809           -1.596            1.422           -1.209           -2.194            2.407           -2.272            2.485     
   8.841        1.854            6.987            2.603            6.238            6.486            2.355            2.215            6.626     
   9.500        2.802            6.699            3.456            6.045            7.097            2.403            3.041            6.459     
   6.867        2.315            4.552            2.009            4.858            3.929            2.938            3.461            3.405     
   2.161        2.023            0.138            2.259           -0.098           -0.053            2.214           -1.761            3.922     
   7.505        0.663            6.842            1.265            6.240            5.159            2.346            0.817            6.687     
   5.461        0.729            4.732            0.370            5.091            2.578            2.883            1.796            3.665     
   1.434        1.132            0.302            1.316            0.118           -0.724            2.158           -2.733            4.167     
   0.882       -5.558            6.440           -4.762            5.644           -1.278            2.160           -5.421            6.303     
   5.758       -0.374            6.131            0.328            5.430            3.551            2.206           -0.362            6.120     
   4.407        0.579            3.828            0.325            4.083            1.679            2.728            1.476            2.932     
   0.882        1.125           -0.243            1.404           -0.522           -1.151            2.033           -2.860            3.742     
   6.403        9.741           -3.338            9.932           -3.529            4.459            1.944           12.315           -5.912     
  -0.782        4.985           -5.767            4.226           -5.008           -3.237            2.455            8.238           -9.019     
  -9.443        0.404           -9.847            0.176           -9.619          -11.202            1.759           -1.019           -8.424     
  13.864       11.240            2.624           10.470            3.393           11.869            1.994           13.714            0.149     
   8.397        7.678            0.719            5.946            2.452            5.849            2.549           10.907           -2.509     
   1.814        5.954           -4.140            4.771           -2.957            0.026            1.789            4.394           -2.580     
  13.301        7.634            5.666            7.796            5.504           11.418            1.882           10.779            2.521     
   9.424        5.810            3.614            5.013            4.411            7.000            2.424            9.688           -0.264     
   4.551        5.454           -0.903            5.198           -0.647            2.859            1.693            4.593           -0.042     
  12.811        6.526            6.285            6.732            6.079           10.956            1.855            9.713            3.098     
   9.524        5.255            4.269            4.502            5.023            7.124            2.400            9.181            0.344     
   5.330        5.595           -0.265            5.382           -0.052            3.663            1.667            4.778            0.552     
  12.498        6.050            6.448            6.532            5.966           10.726            1.772            9.327            3.170     
   9.904        5.665            4.239            5.193            4.712            7.603            2.301            9.653            0.251     
   6.212        6.147            0.065            6.206            0.005            4.614            1.598            5.445            0.767     
   9.322        4.461            4.862            4.196            5.126            7.065            2.258            5.042            4.281     
   6.246        2.778            3.468            1.557            4.689            3.394            2.853            3.167            3.079     
   3.248        5.160           -1.912            4.482           -1.234            1.197            2.051            1.725            1.523     
  10.433        3.159            7.274            3.698            6.734            8.327            2.105            4.242            6.191     
   8.946        3.214            5.732            2.801            6.145            6.258            2.688            4.083            4.863     
   7.658        6.964            0.694            7.086            0.573            5.744            1.915            4.059            3.599     
  10.660        2.957            7.703            3.502            7.158            8.594            2.066            4.032            6.628     
   9.763        3.566            6.198            3.157            6.607            7.112            2.652            4.432            5.332     
   9.154        8.011            1.143            8.137            1.017            7.277            1.877            5.100            4.053     
   9.391        1.883            7.508            2.632            6.758            7.431            1.960            2.952            6.438     
   9.187        3.378            5.809            3.178            6.009            6.658            2.530            4.211            4.976     
   9.080        7.965            1.115            8.292            0.788            7.295            1.785            5.074            4.006     
   8.344        9.244           -0.900           10.044           -1.700            6.157            2.187           10.212           -1.868     
  -6.814       -5.658           -1.156           -4.951           -1.863           -9.052            2.237           -4.900           -1.914     
 -10.844       -7.645           -3.199           -7.883           -2.961          -13.623            2.779           -6.924           -3.920     
 -15.992       -8.317           -7.674           -8.030           -7.961          -18.044            2.052          -11.542           -4.450     
   4.760       -0.211            4.971           -0.383            5.142            2.529            2.231            0.637            4.122     
   0.168       -4.581            4.749           -4.846            5.015           -2.116            2.284           -3.937            4.106     
  -2.143       -5.373            3.230           -6.597            4.454           -5.012            2.869           -4.691            2.548     
  -5.213       -3.189           -2.023           -3.868           -1.344           -7.290            2.078           -6.565            1.352     
  -1.652       -9.004            7.353           -8.382            6.730           -3.728            2.077           -7.664            6.013     
   1.111       -6.000            7.111           -5.471            6.583           -1.017            2.128           -4.868            5.979     
   0.390       -5.055            5.445           -5.481            5.870           -2.312            2.701           -3.905            4.295     
  -0.970       -1.503            0.533           -1.392            0.423           -2.908            1.938           -4.362            3.392     
   7.364        8.718           -1.354            9.380           -2.016            5.286            2.078           10.099           -2.735     
  -8.726       -7.121           -1.605           -6.553           -2.173          -10.855            2.129           -5.962           -2.764     
 -13.043       -9.443           -3.600           -9.819           -3.223          -15.717            2.674           -8.409           -4.634     
 -18.454      -10.330           -8.124          -10.181           -8.272          -20.397            1.943          -13.151           -5.303     
   4.736        0.188            4.547           -0.115            4.851            2.612            2.124            1.457            3.278     
  -0.788       -5.119            4.331           -5.516            4.729           -2.965            2.177           -4.066            3.279     
  -3.386       -6.246            2.860           -7.601            4.216           -6.152            2.766           -5.243            1.857     
  -6.718       -4.276           -2.442           -5.088           -1.631           -8.689            1.971           -7.241            0.522     
  -0.863       -8.036            7.174           -7.497            6.634           -2.848            1.985           -6.211            5.348     
   0.968       -5.970            6.938           -5.524            6.492           -1.070            2.038           -4.363            5.331     
  -0.041       -5.360            5.319           -5.868            5.827           -2.655            2.614           -3.824            3.783     
  -1.663       -2.022            0.359           -1.994            0.331           -3.510            1.847           -4.404            2.741     
   0.311       -7.116            7.427           -6.652            6.963           -1.691            2.002           -5.502            5.813     
  -0.108       -5.952            5.845           -6.443            6.336           -2.689            2.582           -4.403            4.296     
  -1.052       -1.919            0.868           -1.874            0.823           -2.865            1.813           -4.291            3.240     
  -6.288      -13.886            7.597          -13.102            6.814           -8.141            1.852          -12.025            5.737     
  -0.241       -7.583            7.342           -6.893            6.652           -2.144            1.903           -5.945            5.703     
   0.033       -5.533            5.567           -5.793            5.827           -2.433            2.467           -3.988            4.021     
  -0.409       -1.358            0.949           -1.091            0.682           -2.137            1.728           -3.682            3.273     
  21.824       21.210            0.613           22.787           -0.964           18.862            2.962           20.286            1.538     
   7.263        6.990            0.273            8.472           -1.209            4.258            3.006            6.009            1.255     
   1.083        3.685           -2.602            4.212           -3.130           -2.399            3.481            4.210           -3.128     
  -6.981       -0.781           -6.200            0.282           -7.263           -9.805            2.824           -5.827           -1.154     
  14.750        8.825            5.925            9.318            5.432           11.780            2.970            7.631            7.119     
  10.756        5.137            5.620            5.534            5.223            7.740            3.017            3.892            6.865     
   6.294        3.026            3.268            2.455            3.839            2.759            3.535            3.363            2.931     
   0.308        1.416           -1.108            1.401           -1.092           -2.505            2.814           -3.930            4.238     
   6.977        0.746            6.231            1.612            5.365            4.294            2.682           -0.511            7.488     
  10.337        4.431            5.906            5.202            5.135            7.609            2.728            3.120            7.217     
   7.464        4.057            3.407            3.865            3.600            4.230            3.234            4.308            3.156     
   3.189        3.816           -0.627            4.170           -0.981            0.648            2.541           -1.568            4.757     
   9.584        3.950            5.634            4.586            4.999            6.941            2.643            2.444            7.140     
   7.302        4.131            3.171            3.801            3.501            4.149            3.153            4.191            3.111     
   3.705        4.584           -0.880            4.801           -1.097            1.247            2.458           -0.992            4.697     
   1.479       -3.103            4.583           -2.413            3.892           -0.937            2.416           -4.878            6.358     
   9.056        4.818            4.238            5.414            3.642            6.596            2.460            2.986            6.070     
   7.467        5.885            1.582            5.521            1.946            4.513            2.954            5.591            1.876     
   4.371        6.481           -2.109            6.654           -2.283            2.083            2.289            0.602            3.770     

Statistical Summary dGs
                     allparams_bound                     gamma_bound                      simple_unbound                      zeta_bound             
Unsigned Error             -0.000                            -0.000                            0.000                             0.000                
RMSD                       5.700                             5.734                             7.139                             6.107                
CV                         4.541                             4.501                             5.614                             4.890                
AIC                       767.331                           765.951                           857.059                           793.279               
dAIC                       1.380                             0.000                             91.108                            27.328               
AICc                     767.731                           766.140                           857.115                           793.468               
dAICc                     1.592                             0.000                             90.976                            27.328               


dG-+
                     allparams_bound                     gamma_bound                      simple_unbound                      zeta_bound             
Ref dG-+       error            result           error            result           error            result           error            result        
   4.780      -26.270           31.050          -26.111           30.891          -32.396           37.177          -32.909           37.689     
  34.656        3.154           31.502            3.322           31.333           -2.381           37.037           -3.033           37.689     
  40.870        6.515           34.355            6.609           34.261            5.609           35.261            3.181           37.689     
  49.952       19.128           30.824           19.304           30.648           13.024           36.928           12.263           37.689     
 -20.555      -28.569            8.014          -28.450            7.896          -31.125           10.570          -31.329           10.775     
   9.321        0.856            8.465            0.983            8.339           -1.110           10.431           -1.454           10.775     
  15.535        4.217           11.318            4.269           11.266            6.881            8.655            4.760           10.775     
  24.618       16.830            7.788           16.964            7.653           14.296           10.322           13.843           10.775     
 -37.524      -28.835           -8.689          -28.744           -8.780          -31.740           -5.784          -31.756           -5.768     
  -7.648        0.590           -8.238            0.689           -8.337           -1.725           -5.923           -1.880           -5.768     
  -1.434        3.951           -5.385            3.976           -5.410            6.266           -7.700            4.334           -5.768     
   7.648       16.564           -8.916           16.671           -9.022           13.681           -6.032           13.416           -5.768     
 -43.021      -31.671          -11.350          -31.606          -11.415          -33.316           -9.705          -33.287           -9.734     
 -13.145       -2.246          -10.899           -2.174          -10.972           -3.301           -9.844           -3.411           -9.734     
  -6.931        1.115           -8.046            1.113           -8.044            4.689          -11.620            2.803           -9.734     
   2.151       13.728          -11.577           13.808          -11.657           12.104           -9.953           11.885           -9.734     
 -48.518      -34.954          -13.565          -34.937          -13.581          -34.709          -13.810          -34.632          -13.887     
 -18.642       -5.529          -13.114           -5.504          -13.138           -4.694          -13.949           -4.756          -13.887     
 -12.428       -2.168          -10.261           -2.218          -10.211            3.297          -15.725            1.458          -13.887     
  -3.346       10.445          -13.791           10.477          -13.823           10.712          -14.058           10.540          -13.887     
   8.867      -28.543           37.411          -28.553           37.420          -32.604           41.471          -32.344           41.212     
  37.094       -0.976           38.070           -0.963           38.056           -4.265           41.358           -4.118           41.212     
  42.806       -0.242           43.048           -0.147           42.953            2.956           39.850            1.594           41.212     
  50.980       13.684           37.296           13.699           37.281            9.743           41.237            9.768           41.212     
 -17.424      -31.015           13.592          -31.054           13.631          -32.180           14.757          -31.612           14.188     
  10.803       -3.448           14.251           -3.464           14.267           -3.841           14.644           -3.385           14.188     
  16.515       -2.714           19.230           -2.648           19.163            3.380           13.136            2.327           14.188     
  24.689       11.212           13.477           11.198           13.492           10.167           14.523           10.501           14.188     
 -34.728      -28.424           -6.303          -28.442           -6.286          -32.689           -2.038          -31.927           -2.801     
  -6.501       -0.857           -5.644           -0.851           -5.650           -4.350           -2.151           -3.700           -2.801     
  -0.789       -0.123           -0.666           -0.035           -0.754            2.871           -3.660            2.012           -2.801     
   7.385       13.804           -6.418           13.810           -6.425            9.658           -2.273           10.186           -2.801     
 -40.512      -30.496          -10.016          -30.524           -9.988          -34.407           -6.104          -33.597           -6.914     
 -12.285       -2.929           -9.356           -2.933           -9.352           -6.068           -6.217           -5.371           -6.914     
  -6.573       -2.195           -4.378           -2.117           -4.456            1.153           -7.726            0.341           -6.914     
   1.601       11.732          -10.131           11.728          -10.127            7.940           -6.339            8.515           -6.914     
 -45.794      -31.737          -14.056          -31.785          -14.009          -35.332          -10.462          -34.472          -11.322     
 -17.567       -4.170          -13.397           -4.194          -13.373           -6.992          -10.575           -6.245          -11.322     
 -11.855       -3.436           -8.418           -3.378           -8.476            0.228          -12.083           -0.533          -11.322     
  -3.681       10.490          -14.171           10.467          -14.148            7.015          -10.696            7.641          -11.322     
   8.628      -29.537           38.166          -29.567           38.196          -33.258           41.886          -32.940           41.568     
  37.046       -1.797           38.843           -1.802           38.848           -4.729           41.775           -4.523           41.568     
  42.949       -1.046           43.996           -0.957           43.906            2.661           40.289            1.381           41.568     
  50.837       12.771           38.066           12.766           38.070            9.183           41.653            9.268           41.568     
 -17.806      -32.107           14.301          -32.165           14.359          -32.971           15.165          -32.345           14.539     
  10.612       -4.366           14.978           -4.400           15.012           -4.442           15.054           -3.927           14.539     
  16.515       -3.616           20.131           -3.555           20.070            2.947           13.568            1.977           14.539     
  24.403       10.202           14.201           10.168           14.234            9.470           14.933            9.864           14.539     
 -34.895      -28.996           -5.899          -29.029           -5.866          -33.223           -1.672          -32.402           -2.493     
  -6.477       -1.256           -5.221           -1.263           -5.214           -4.694           -1.783           -3.984           -2.493     
  -0.574       -0.505           -0.068           -0.418           -0.156            2.696           -3.269            1.919           -2.493     
   7.314       13.312           -5.998           13.305           -5.991            9.218           -1.905            9.807           -2.493     
 -40.679      -30.971           -9.708          -31.012           -9.667          -34.927           -5.752          -34.059           -6.620     
 -12.261       -3.231           -9.030           -3.247           -9.014           -6.399           -5.862           -5.641           -6.620     
  -6.358       -2.480           -3.877           -2.402           -3.956            0.991           -7.349            0.262           -6.620     
   1.530       11.337           -9.807           11.321           -9.792            7.514           -5.984            8.149           -6.620     
 -46.056      -32.129          -13.927          -32.187          -13.869          -35.923          -10.134          -35.004          -11.052     
 -17.639       -4.389          -13.250           -4.422          -13.216           -7.394          -10.245           -6.586          -11.052     
 -11.735       -3.638           -8.097           -3.577           -8.158           -0.004          -11.731           -0.683          -11.052     
  -3.848       10.179          -14.027           10.146          -13.994            6.518          -10.366            7.204          -11.052     
  38.241       -0.346           38.586           -0.364           38.605           -3.687           41.928           -3.428           41.669     
  43.499       -0.469           43.968           -0.376           43.875            3.028           40.471            1.830           41.669     
  51.864       14.057           37.807           14.039           37.825           10.058           41.806           10.195           41.669     
  11.472       -3.246           14.718           -3.293           14.765           -3.734           15.207           -3.166           14.639     
  16.730       -3.369           20.100           -3.305           20.035            2.981           13.749            2.092           14.639     
  25.096       11.157           13.938           11.110           13.985           10.011           15.085           10.457           14.639     
  -5.497        0.016           -5.513           -0.005           -5.492           -3.862           -1.635           -3.100           -2.398     
  -0.239       -0.108           -0.131           -0.017           -0.222            2.853           -3.092            2.159           -2.398     
   8.126       14.419           -6.292           14.398           -6.272            9.883           -1.757           10.524           -2.398     
 -11.472       -2.139           -9.334           -2.168           -9.304           -5.756           -5.716           -4.947           -6.526     
  -6.214       -2.262           -3.952           -2.180           -4.034            0.959           -7.173            0.312           -6.526     
   2.151       12.264          -10.113           12.235          -10.084            7.989           -5.838            8.677           -6.526     
 -16.491       -2.914          -13.578           -2.959          -13.532           -6.390          -10.101           -5.529          -10.962     
 -11.233       -3.037           -8.196           -2.972           -8.262            0.326          -11.559           -0.271          -10.962     
  -2.868       11.489          -14.358           11.444          -14.312            7.355          -10.224            8.094          -10.962     
  48.088        0.934           47.154            0.717           47.371            2.301           45.787            2.988           45.100     
  50.813       -3.105           53.918           -3.108           53.921            6.309           44.504            5.713           45.100     
  57.457       11.066           46.391           10.851           46.606           11.790           45.667           12.357           45.100     
  21.654       -1.577           23.231           -1.821           23.475            2.596           19.058            3.592           18.062     
  24.379       -5.616           29.995           -5.647           30.026            6.604           17.775            6.317           18.062     
  31.023        8.555           22.468            8.313           22.710           12.085           18.938           12.961           18.062     
   4.565        4.227            0.338            4.050            0.515            2.717            1.848            3.911            0.654     
   7.290        0.188            7.102            0.224            7.065            6.725            0.565            6.636            0.654     
  13.934       14.359           -0.425           14.184           -0.250           12.206            1.728           13.281            0.654     
  -1.410        2.879           -4.290            2.707           -4.117            0.934           -2.344            2.177           -3.587     
   1.315       -1.160            2.474           -1.119            2.434            4.942           -3.627            4.902           -3.587     
   7.959       13.012           -5.053           12.840           -4.882           10.423           -2.464           11.546           -3.587     
  -6.262        3.915          -10.177            3.751          -10.013            0.695           -6.957            1.992           -8.254     
  -3.537       -0.124           -3.414           -0.074           -3.463            4.703           -8.240            4.716           -8.254     
   3.107       14.048          -10.941           13.885          -10.778           10.184           -7.077           11.361           -8.254     
  53.035        6.996           46.039            6.846           46.189            8.155           44.880            8.707           44.329     
  56.644        4.465           52.180            4.482           52.162           13.126           43.518           12.316           44.329     
  60.230       14.967           45.262           14.818           45.412           15.471           44.758           15.901           44.329     
  25.335        3.265           22.069            3.088           22.247            7.190           18.145            8.050           17.284     
  28.944        0.734           28.210            0.724           28.220           12.161           16.783           11.659           17.284     
  32.529       11.236           21.292           11.060           21.469           14.506           18.023           15.244           17.284     
   8.270        8.629           -0.360            8.513           -0.243            7.270            0.999            8.329           -0.059     
  11.879        6.098            5.781            6.149            5.730           12.241           -0.363           11.938           -0.059     
  15.464       16.600           -1.137           16.484           -1.020           14.586            0.877           15.523           -0.059     
   1.888        6.740           -4.851            6.625           -4.736            5.063           -3.175            6.169           -4.281     
   5.497        4.208            1.289            4.261            1.237           10.034           -4.536            9.778           -4.281     
   9.082       14.711           -5.628           14.596           -5.514           12.379           -3.296           13.363           -4.281     
  -3.848        6.584          -10.432            6.473          -10.321            3.897           -7.745            5.056           -8.904     
  -0.239        4.053           -4.292            4.109           -4.348            8.868           -9.107            8.665           -8.904     
   3.346       14.555          -11.209           14.445          -11.099           11.213           -7.867           12.250           -8.904     
  22.323      -21.851           44.174          -21.999           44.323          -22.080           44.403          -21.502           43.825     
  51.554        6.619           44.935            6.502           45.052            7.251           44.303            7.729           43.825     
  54.876        4.073           50.803            4.103           50.773           11.969           42.907           11.051           43.825     
  60.182       16.027           44.155           15.910           44.272           16.001           44.181           16.357           43.825     
  -5.832      -26.020           20.188          -26.195           20.363          -23.497           17.666          -22.610           16.778     
  23.399        2.451           20.948            2.307           21.092            5.833           17.565            6.620           16.778     
  26.721       -0.096           26.817           -0.092           26.813           10.552           16.169            9.943           16.778     
  32.027       11.859           20.168           11.715           20.312           14.583           17.443           15.249           16.778     
 -23.160      -21.271           -1.889          -21.390           -1.769          -23.729            0.569          -22.644           -0.516     
   6.071        7.200           -1.129            7.111           -1.040            5.602            0.469            6.587           -0.516     
   9.393        4.653            4.740            4.712            4.681           10.320           -0.928            9.909           -0.516     
  14.699       16.608           -1.909           16.519           -1.820           14.352            0.346           15.215           -0.516     
 -28.394      -22.118           -6.276          -22.237           -6.156          -24.804           -3.590          -23.670           -4.724     
   0.837        6.352           -5.516            6.264           -5.427            4.527           -3.691            5.560           -4.724     
   4.159        3.806            0.353            3.865            0.294            9.246           -5.087            8.882           -4.724     
   9.465       15.760           -6.296           15.672           -6.207           13.277           -3.813           14.188           -4.724     
 -33.485      -21.853          -11.632          -21.972          -11.512          -25.355           -8.130          -24.170           -9.315     
  -4.254        6.617          -10.872            6.529          -10.783            3.976           -8.230            5.061           -9.315     
  -0.932        4.071           -5.003            4.130           -5.062            8.694           -9.626            8.383           -9.315     
   4.374       16.025          -11.651           15.937          -11.563           12.726           -8.352           13.689           -9.315     
  12.476      -21.948           34.425          -21.842           34.318          -26.480           38.956          -26.706           39.182     
  38.480        3.542           34.938            3.661           34.818           -0.345           38.825           -0.702           39.182     
  42.352        3.959           38.393            4.049           38.303            5.228           37.124            3.170           39.182     
  47.538       13.319           34.219           13.444           34.095            8.828           38.710            8.356           39.182     
 -10.660      -21.613           10.954          -21.541           10.882          -22.949           12.290          -22.867           12.207     
  15.344        3.877           11.467            3.962           11.382            3.186           12.158            3.137           12.207     
  19.216        4.294           14.922            4.349           14.867            8.758           10.458            7.009           12.207     
  24.403       13.654           10.748           13.744           10.659           12.359           12.044           12.195           12.207     
 -25.406      -18.143           -7.264          -18.075           -7.332          -21.133           -4.274          -20.859           -4.547     
   0.598        7.348           -6.750            7.428           -6.831            5.003           -4.405            5.145           -4.547     
   4.469        7.765           -3.296            7.815           -3.346           10.575           -6.106            9.017           -4.547     
   9.656       17.125           -7.469           17.210           -7.555           14.175           -4.519           14.203           -4.547     
 -29.398      -18.973          -10.425          -18.924          -10.474          -21.134           -8.263          -20.814           -8.583     
  -3.394        6.517           -9.911            6.579           -9.973            5.001           -8.395            5.189           -8.583     
   0.478        6.935           -6.457            6.966           -6.488           10.573          -10.095            9.061           -8.583     
   5.664       16.295          -10.630           16.361          -10.697           14.174           -8.509           14.248           -8.583     
 -33.461      -19.983          -13.478          -19.969          -13.492          -20.977          -12.484          -20.608          -12.853     
  -7.457        5.507          -12.964            5.534          -12.991            5.159          -12.616            5.396          -12.853     
  -3.585        5.925           -9.510            5.921           -9.506           10.731          -14.316            9.268          -12.853     
   1.601       15.285          -13.683           15.316          -13.715           14.331          -12.730           14.454          -12.853     
  45.889       -0.497           46.386           -0.501           46.390            3.052           42.837            3.067           42.822     
  48.518       -1.622           50.140           -1.634           50.153            7.344           41.175            5.696           42.822     
  53.537        7.899           45.638            7.897           45.640           10.818           42.719           10.715           42.822     
  20.555       -1.842           22.397           -1.873           22.428            4.455           16.099            4.780           15.775     
  23.184       -2.967           26.151           -3.006           26.190            8.747           14.437            7.409           15.775     
  28.203        6.554           21.649            6.525           21.677           12.221           15.981           12.428           15.775     
   5.019        4.360            0.659            4.379            0.641            5.970           -0.951            6.491           -1.472     
   7.648        3.235            4.414            3.245            4.403           10.261           -2.613            9.120           -1.472     
  12.667       12.756           -0.088           12.777           -0.110           13.736           -1.069           14.139           -1.472     
  -0.478        3.136           -3.614            3.153           -3.631            4.616           -5.094            5.185           -5.663     
   2.151        2.011            0.140            2.020            0.131            8.908           -6.757            7.814           -5.663     
   7.170       11.532           -4.361           11.551           -4.381           12.382           -5.212           12.834           -5.663     
  -5.975        2.739           -8.714            2.753           -8.728            3.623           -9.598            4.244          -10.219     
  -3.346        1.614           -4.960            1.620           -4.966            7.915          -11.261            6.873          -10.219     
   1.673       11.135           -9.462           11.151           -9.478           11.389           -9.716           11.892          -10.219     
  11.711       -3.110           14.821           -3.158           14.869           -3.525           15.236           -2.956           14.667     
  16.730       -3.470           20.200           -3.406           20.137            2.952           13.778            2.063           14.667     
  25.335       11.293           14.041           11.245           14.089           10.220           15.114           10.668           14.667     
  -5.497       -0.058           -5.439           -0.079           -5.418           -3.888           -1.609           -3.124           -2.373     
  -0.478       -0.418           -0.060           -0.328           -0.150            2.589           -3.067            1.895           -2.373     
   8.126       14.345           -6.218           14.324           -6.198            9.858           -1.731           10.500           -2.373     
 -11.711       -2.443           -9.269           -2.472           -9.239           -6.020           -5.692           -5.209           -6.503     
  -6.692       -2.803           -3.890           -2.721           -3.972            0.457           -7.149           -0.189           -6.503     
   1.912       11.960          -10.048           11.931          -10.019            7.726           -5.814            8.415           -6.503     
 -16.252       -2.723          -13.530           -2.768          -13.484           -6.173          -10.079           -5.311          -10.941     
 -11.233       -3.083           -8.151           -3.017           -8.216            0.304          -11.537           -0.292          -10.941     
  -2.629       11.680          -14.309           11.635          -14.264            7.572          -10.202            8.312          -10.941     
   7.768      -30.482           38.250          -30.500           38.268          -33.971           41.738          -33.693           41.461     
  35.875       -3.037           38.912           -3.032           38.907           -5.751           41.626           -5.586           41.461     
  41.659       -2.235           43.894           -2.147           43.806            1.541           40.118            0.198           41.461     
  50.191       12.054           38.137           12.060           38.131            8.687           41.504            8.730           41.461     
 -17.089      -31.482           14.393          -31.529           14.440          -32.107           15.018          -31.521           14.432     
  11.018       -4.037           15.055           -4.060           15.078           -3.888           14.906           -3.414           14.432     
  16.802       -3.235           20.037           -3.176           19.978            3.404           13.398            2.370           14.432     
  25.335       11.055           14.280           11.032           14.302           10.550           14.784           10.902           14.432     
 -34.130      -28.380           -5.751          -28.401           -5.729          -32.319           -1.811          -31.538           -2.592     
  -6.023       -0.935           -5.088           -0.932           -5.090           -4.099           -1.924           -3.431           -2.592     
  -0.239       -0.133           -0.106           -0.048           -0.191            3.193           -3.432            2.353           -2.592     
   8.294       14.157           -5.863           14.160           -5.866           10.339           -2.045           10.885           -2.592     
  13.145      -26.889           40.035          -26.936           40.082          -29.299           42.444          -28.951           42.096     
  40.320       -0.395           40.716           -0.417           40.738           -2.013           42.334           -1.776           42.096     
  45.817       -0.032           45.849            0.040           45.778            4.973           40.845            3.722           42.096     
  54.087       14.149           39.938           14.128           39.959           11.875           42.212           11.991           42.096     
 -12.667      -28.773           16.106          -28.848           16.181          -28.382           15.714          -27.725           15.057     
  14.508       -2.279           16.787           -2.329           16.836           -1.096           15.604           -0.550           15.057     
  20.005       -1.916           21.920           -1.872           21.877            5.890           14.115            4.948           15.057     
  28.274       12.265           16.009           12.216           16.058           12.792           15.482           13.217           15.057     
 -30.521      -25.911           -4.611          -25.951           -4.570          -29.327           -1.194          -28.474           -2.047     
  -3.346        0.583           -3.930            0.568           -3.914           -2.041           -1.305           -1.299           -2.047     
   2.151        0.947            1.204            1.025            1.126            4.945           -2.794            4.198           -2.047     
  10.421       15.128           -4.707           15.113           -4.692           11.847           -1.427           12.468           -2.047     
 -35.851      -27.271           -8.580          -27.318           -8.533          -30.555           -5.296          -29.655           -6.196     
  -8.676       -0.777           -7.899           -0.798           -7.877           -3.270           -5.406           -2.480           -6.196     
  -3.179       -0.413           -2.765           -0.342           -2.837            3.716           -6.895            3.017           -6.196     
   5.091       13.768           -8.677           13.747           -8.656           10.619           -5.528           11.287           -6.196     
 -41.109      -28.010          -13.099          -28.069          -13.040          -31.389           -9.720          -30.438          -10.671     
 -13.934       -1.516          -12.418           -1.550          -12.384           -4.104           -9.830           -3.263          -10.671     
  -8.437       -1.152           -7.285           -1.093           -7.344            2.882          -11.319            2.234          -10.671     
  -0.167       13.029          -13.196           12.995          -13.162            9.784           -9.952           10.503          -10.671     
   9.202      -18.944           28.146          -18.746           27.948          -26.387           35.589          -27.173           36.375     
  37.906        9.363           28.543            9.565           28.341            2.464           35.443            1.532           36.375     
  41.539       10.664           30.875           10.753           30.786            7.939           33.601            5.164           36.375     
  47.156       19.246           27.910           19.459           27.697           11.817           35.339           10.781           36.375     
 -12.165      -17.764            5.598          -17.615            5.449          -21.215            9.050          -21.695            9.529     
  16.539       10.543            5.996           10.697            5.843            7.635            8.904            7.010            9.529     
  20.172       11.844            8.328           11.885            8.288           13.110            7.062           10.643            9.529     
  25.789       20.426            5.363           20.590            5.198           16.989            8.800           16.259            9.529     
 -27.844      -18.161           -9.684          -18.061           -9.783          -20.736           -7.108          -21.029           -6.815     
   0.860       10.147           -9.286           10.250           -9.390            8.114           -7.254            7.675           -6.815     
   4.493       11.447           -6.954           11.438           -6.945           13.589           -9.096           11.308           -6.815     
  10.110       20.029           -9.919           20.144          -10.034           17.467           -7.357           16.925           -6.815     
 -33.078      -21.209          -11.870          -21.143          -11.935          -22.116          -10.963          -22.364          -10.715     
  -4.374        7.098          -11.472            7.168          -11.542            6.735          -11.109            6.341          -10.715     
  -0.741        8.399           -9.140            8.356           -9.097           12.210          -12.951            9.974          -10.715     
   4.876       16.981          -12.105           17.062          -12.186           16.088          -11.212           15.590          -10.715     
 -38.360      -25.042          -13.318          -25.037          -13.324          -23.399          -14.962          -23.601          -14.760     
  -9.656        3.265          -12.921            3.275          -12.931            5.452          -15.108            5.104          -14.760     
  -6.023        4.566          -10.589            4.463          -10.486           10.927          -16.950            8.737          -14.760     
  -0.406       13.148          -13.554           13.169          -13.575           14.805          -15.211           14.354          -14.760     

Statistical Summary dG-+
                     allparams_bound                     gamma_bound                      simple_unbound                      zeta_bound             
Unsigned Error             -0.132                            0.000                             0.000                             -0.000               
RMSD                       13.552                            13.552                            14.296                            14.103               
CV                         10.226                            10.192                            11.024                            10.791               
AIC                       1179.713                          1175.731                          1195.676                          1193.578              
dAIC                       3.982                             0.000                             19.945                            17.847               
AICc                     1180.100                          1175.914                          1195.731                          1193.760              
dAICc                     4.186                             0.000                             19.817                            17.847               
