RESULTS

For the following solvents:
water  MeOH  EtOH  1PrOH  DMSO  DMA  DMF  PC  ACE  BuOH  EG  FA  MeCN  
We considered all the salts that could be formed with the following cations and anions:
Cations: Li  Na  K  Rb  Cs  
Anions: F  Cl  Br  I  

dHs
                     allparams_bound                     gamma_bound                      simple_unbound                      zeta_bound             
Ref dHs        error            result           error            result           error            result           error            result        
   1.159        9.158           -7.999           10.491           -9.332            3.280           -2.121           11.975          -10.816     
  -8.850       -0.774           -8.076            0.429           -9.279           -6.830           -2.020            1.785          -10.635     
 -11.670       -2.223           -9.447           -3.205           -8.465          -10.734           -0.936           -3.446           -8.224     
 -15.120       -3.976          -11.144           -2.898          -12.221          -12.693           -2.427           -4.886          -10.234     
   0.214       -0.292            0.506            1.216           -1.002            2.288           -2.074            4.775           -4.560     
   0.928        0.467            0.461            1.852           -0.924            2.895           -1.967            5.311           -4.383     
  -0.144        0.271           -0.415           -0.412            0.268            0.642           -0.786            1.879           -2.023     
  -1.800        1.047           -2.847            2.251           -4.051            0.620           -2.420            2.157           -3.956     
  -4.240       -6.747            2.508           -5.578            1.338           -1.615           -2.625           -3.836           -0.404     
   4.115        1.671            2.444            2.713            1.402            6.637           -2.522            4.339           -0.224     
   4.751        3.322            1.429            2.264            2.487            6.119           -1.368            2.601            2.150     
   4.859        5.539           -0.680            6.443           -1.584            7.798           -2.939            4.676            0.183     
  -6.236       -9.134            2.898           -8.127            1.891           -3.452           -2.784           -6.842            0.607     
   4.070        1.236            2.834            2.116            1.954            6.751           -2.681            3.284            0.786     
   5.229        3.376            1.853            2.164            3.066            6.750           -1.520            2.072            3.157     
   6.561        6.832           -0.272            7.578           -1.017            9.655           -3.094            5.369            1.192     
  -8.941      -11.242            2.301          -10.609            1.667           -5.801           -3.140          -10.708            1.767     
   4.209        1.990            2.219            2.492            1.716            7.250           -3.041            2.261            1.948     
   6.212        5.157            1.055            3.523            2.688            8.128           -1.916            1.874            4.338     
   7.918        8.648           -0.730            9.053           -1.135           11.342           -3.424            5.581            2.337     
   0.394       11.366          -10.972           12.079          -11.684            3.692           -3.297           12.771          -12.377     
 -11.479       -0.553          -10.926            0.107          -11.586           -8.294           -3.185            0.767          -12.246     
 -14.897       -3.854          -11.043           -4.590          -10.307          -12.914           -1.982           -4.547          -10.350     
 -19.661       -5.609          -14.051           -5.111          -14.550          -16.064           -3.597           -7.839          -11.821     
  -1.554        0.650           -2.204            1.613           -3.167            1.648           -3.202            4.566           -6.121     
  -2.705       -0.579           -2.126            0.339           -3.044            0.379           -3.084            3.289           -5.994     
  -4.375       -2.627           -1.747           -2.988           -1.386           -2.589           -1.785           -0.226           -4.149     
  -7.345       -1.853           -5.492           -1.154           -6.191           -3.802           -3.542           -1.801           -5.544     
  -5.554       -6.425            0.870           -5.494           -0.061           -1.995           -3.559           -3.590           -1.964     
   0.936        0.006            0.930            0.888            0.049            4.381           -3.445            2.772           -1.835     
   0.975       -0.194            1.169           -0.624            1.599            3.148           -2.173            0.950            0.024     
  -0.232        2.020           -2.252            2.727           -2.959            3.636           -3.867            1.172           -1.404     
  -7.096       -8.710            1.614           -7.841            0.745           -3.442           -3.654           -6.142           -0.954     
   1.346       -0.328            1.673            0.492            0.854            4.885           -3.539            2.170           -0.825     
   1.907       -0.040            1.947           -0.523            2.431            4.168           -2.261            0.876            1.031     
   1.924        3.414           -1.490            4.063           -2.139            5.882           -3.958            2.320           -0.396     
  -9.395      -11.026            1.631          -10.355            0.959           -5.496           -3.899           -9.602            0.206     
   1.891        0.219            1.672            0.836            1.054            5.679           -3.788            1.553            0.337     
   3.296        1.533            1.763            0.804            2.492            5.841           -2.545            1.084            2.212     
   3.688        5.022           -1.334            5.506           -1.818            7.864           -4.177            2.938            0.750     
 -11.240        0.090          -11.330            0.628          -11.868           -7.928           -3.312            1.129          -12.369     
 -15.207       -3.864          -11.344           -4.656          -10.551          -13.107           -2.100           -4.693          -10.515     
 -20.043       -5.586          -14.457           -5.210          -14.833          -16.319           -3.724           -8.100          -11.943     
  -1.271        1.244           -2.515            2.044           -3.315            1.938           -3.208            4.846           -6.117     
  -3.490       -1.457           -2.033           -1.871           -1.619           -1.590           -1.900            0.823           -4.314     
  -6.532       -0.650           -5.882           -0.069           -6.463           -2.865           -3.667           -0.866           -5.666     
   1.868        1.224            0.644            2.018           -0.150            5.419           -3.551            3.826           -1.958     
   1.357        0.371            0.986           -0.082            1.439            3.626           -2.269            1.498           -0.141     
   0.079        2.618           -2.540            3.237           -3.158            4.052           -3.973            1.605           -1.526     
   3.162        1.742            1.420            2.484            0.678            6.801           -3.639            4.110           -0.948     
   3.174        1.378            1.796            0.880            2.294            5.525           -2.351            2.308            0.866     
   3.119        4.864           -1.745            5.434           -2.315            7.178           -4.059            3.637           -0.518     
   3.826        2.348            1.479            2.904            0.922            7.704           -3.877            3.612            0.215     
   4.682        3.010            1.672            2.284            2.398            7.307           -2.625            2.635            2.047     
   5.002        6.531           -1.529            6.953           -1.951            9.268           -4.266            4.374            0.628     
 -11.503       -0.271          -11.232            0.358          -11.862           -8.171           -3.333            0.969          -12.472     
 -14.658       -3.547          -11.110           -4.164          -10.494          -12.550           -2.107           -3.985          -10.673     
 -20.378       -6.017          -14.360           -5.551          -14.826          -16.633           -3.744           -8.332          -12.046     
  -1.725        0.690           -2.415            1.582           -3.307            1.503           -3.228            4.495           -6.219     
  -3.132       -1.333           -1.798           -1.570           -1.561           -1.225           -1.907            1.340           -4.472     
  -7.058       -1.274           -5.784           -0.602           -6.456           -3.371           -3.687           -1.290           -5.768     
   1.486        0.732            0.754            1.620           -0.135            5.054           -3.569            3.547           -2.061     
   1.787        0.556            1.231            0.283            1.504            4.062           -2.275            2.087           -0.299     
  -0.375        2.056           -2.431            2.768           -3.143            3.616           -3.992            1.254           -1.629     
   2.918        1.318            1.601            1.972            0.946            6.811           -3.893            2.807            0.112     
   4.587        2.657            1.930            2.115            2.472            7.214           -2.628            2.698            1.889     
   4.022        5.431           -1.408            5.950           -1.928            8.304           -4.282            3.497            0.526     
 -10.715        5.234          -15.949            4.230          -14.945           -6.094           -4.621            2.654          -13.369     
 -17.191       -2.180          -15.011           -3.916          -13.275          -13.872           -3.319           -5.286          -11.905     
 -24.369       -5.302          -19.067           -6.463          -17.906          -19.337           -5.032          -11.422          -12.947     
  -1.414        5.699           -7.114            4.963           -6.378            3.099           -4.513            5.702           -7.117     
  -6.143       -0.462           -5.681           -1.814           -4.329           -3.028           -3.115           -0.439           -5.704     
 -11.527       -1.055          -10.472           -2.005           -9.523           -6.556           -4.971           -4.858           -6.669     
   0.171        3.221           -3.049            2.737           -2.566            4.863           -4.692            3.130           -2.958     
  -2.849       -1.093           -1.757           -2.225           -0.624            0.471           -3.321           -1.318           -1.531     
  -6.470       -0.245           -6.225           -0.899           -5.571           -1.356           -5.114           -3.940           -2.530     
  -0.280        1.719           -1.998            1.262           -1.541            4.451           -4.730            1.668           -1.948     
  -2.777       -2.106           -0.671           -3.204            0.427            0.576           -3.353           -2.253           -0.524     
  -5.174       -0.020           -5.155           -0.643           -4.532           -0.026           -5.149           -3.653           -1.521     
   0.839        2.218           -1.379            1.736           -0.897            5.706           -4.867            1.624           -0.785     
  -0.815       -0.581           -0.234           -1.746            0.931            2.710           -3.525           -1.472            0.657     
  -2.837        1.541           -4.378            0.930           -3.767            2.418           -5.255           -2.462           -0.375     
   0.115        6.406           -6.290            5.891           -5.775            4.354           -4.238            6.954           -6.839     
  -5.354       -0.129           -5.226           -1.491           -3.863           -2.479           -2.875           -0.079           -5.275     
 -11.288       -1.631           -9.657           -2.365           -8.923           -6.591           -4.697           -4.900           -6.388     
   2.060        4.442           -2.382            4.134           -2.075            6.504           -4.445            4.740           -2.680     
  -1.702       -0.245           -1.457           -1.432           -0.270            1.407           -3.109           -0.600           -1.102     
  -5.872       -0.307           -5.566           -0.790           -5.083           -1.005           -4.868           -3.624           -2.249     
   1.675        2.536           -0.861            2.188           -0.512            6.323           -4.647            2.183           -0.508     
  -0.719       -0.636           -0.083           -1.899            1.180            2.620           -3.340           -1.805            1.086     
  -3.291        0.576           -3.867            0.094           -3.385            1.745           -5.036           -3.197           -0.094     
  -3.549       11.066          -14.615           10.496          -14.045            0.732           -4.282            9.497          -13.046     
  -9.806        4.703          -14.510            4.118          -13.924           -5.642           -4.164            3.134          -12.940     
 -16.426       -2.326          -14.101           -3.976          -12.450          -13.514           -2.912           -5.167          -11.259     
 -24.011       -6.372          -17.638           -7.121          -16.889          -19.435           -4.576          -11.497          -12.514     
  -6.573       -0.782           -5.791           -1.086           -5.487           -2.397           -4.177            0.217           -6.790     
  -2.107        3.546           -5.653            3.234           -5.342            1.945           -4.053            4.580           -6.687     
  -6.980       -2.231           -4.749           -3.490           -3.489           -4.275           -2.705           -1.922           -5.058     
 -12.770       -3.748           -9.022           -4.280           -8.490           -8.259           -4.511           -6.534           -6.236     
 -12.964      -10.981           -1.983          -11.107           -1.857           -8.563           -4.401          -10.330           -2.634     
  -0.856        1.007           -1.863            0.869           -1.726            3.424           -4.281            1.673           -2.529     
  -4.021       -2.921           -1.099           -4.040            0.020           -1.061           -2.960           -3.136           -0.885     
  -8.047       -2.999           -5.049           -3.313           -4.734           -3.344           -4.704           -5.951           -2.097     
 -14.744      -13.732           -1.012          -13.855           -0.890          -10.290           -4.454          -13.121           -1.623     
  -0.686        0.207           -0.893            0.073           -0.759            3.648           -4.334            0.832           -1.518     
  -3.327       -3.233           -0.094           -4.340            1.013           -0.321           -3.006           -3.449            0.122     
  -6.131       -2.071           -4.060           -2.378           -3.753           -1.377           -4.753           -5.042           -1.088     
 -16.900      -16.347           -0.553          -16.541           -0.359          -12.281           -4.620          -16.437           -0.463     
   0.002        0.455           -0.453            0.245           -0.242            4.505           -4.503            0.359           -0.356     
  -1.795       -1.959            0.164           -3.185            1.390            1.416           -3.211           -3.098            1.303     
  -4.223       -0.762           -3.461           -1.107           -3.116            0.668           -4.892           -4.281            0.058     
  -1.919        7.630           -9.549            8.438          -10.357            0.614           -2.534            9.314          -11.233     
  -7.368        3.197          -10.565            2.044           -9.412           -5.953           -1.415            1.600           -8.968     
 -14.833       -2.191          -12.641           -1.524          -13.309          -11.891           -2.942           -4.011          -10.822     
   4.680        5.546           -0.866            6.579           -1.898            7.134           -2.454            9.661           -4.981     
   0.979        2.366           -1.387            1.554           -0.575            2.219           -1.239            3.746           -2.767     
  -4.692       -0.493           -4.199            0.342           -5.034           -1.783           -2.909           -0.147           -4.544     
   4.999        3.373            1.626            4.208            0.791            7.916           -2.916            5.822           -0.823     
   3.006        2.041            0.966            0.999            2.008            4.736           -1.729            1.600            1.406     
  -0.901        0.622           -1.523            1.303           -2.204            2.435           -3.336           -0.496           -0.405     
   4.381        2.197            2.184            2.917            1.464            7.426           -3.045            4.193            0.188     
   2.911        1.353            1.558            0.204            2.707            4.762           -1.851            0.498            2.413     
   0.227        1.173           -0.946            1.744           -1.517            3.688           -3.461           -0.377            0.604     
   3.898        2.047            1.851            2.471            1.427            7.252           -3.354            2.548            1.350     
   3.272        2.230            1.042            0.741            2.531            5.467           -2.195           -0.322            3.594     
   0.963        2.085           -1.122            2.396           -1.433            4.702           -3.739           -0.786            1.749     
   0.044        2.580           -2.537            3.333           -3.289            3.225           -3.181            6.077           -6.034     
   5.390       17.714          -12.325           17.918          -12.529            9.028           -3.639           17.955          -12.566     
 -11.025        1.241          -12.267            1.400          -12.426           -7.500           -3.526            1.415          -12.440     
 -13.319       -1.028          -12.291           -2.207          -11.113          -11.005           -2.314           -2.738          -10.581     
 -18.537       -3.144          -15.393           -3.147          -15.390          -14.600           -3.938           -6.523          -12.014     
   2.365        5.886           -3.520            6.350           -3.985            5.903           -3.537            8.675           -6.310     
  -3.326        0.103           -3.429            0.531           -3.857            0.092           -3.418            2.862           -6.188     
  -3.873       -0.914           -2.959           -1.707           -2.165           -1.762           -2.110            0.508           -4.380     
  -7.297       -0.500           -6.797           -0.292           -7.005           -3.421           -3.876           -1.560           -5.737     
  -2.615       -2.445           -0.169           -1.933           -0.682            1.230           -3.844           -0.462           -2.153     
  -0.665       -0.568           -0.097           -0.098           -0.568            3.063           -3.729            1.364           -2.029     
   0.497        0.263            0.234           -0.520            1.017            2.945           -2.448            0.704           -0.207     
  -1.164        2.117           -3.281            2.412           -3.576            2.987           -4.151            0.434           -1.598     
  -4.802       -5.463            0.661           -4.987            0.186           -0.878           -3.923           -3.659           -1.143     
  -0.901       -1.634            0.733           -1.200            0.299            2.906           -3.808            0.118           -1.019     
   0.784       -0.314            1.098           -1.126            1.910            3.304           -2.521           -0.016            0.800     
   0.347        2.779           -2.432            3.041           -2.694            4.573           -4.227            0.936           -0.589     
  -7.507       -8.346            0.839           -8.022            0.515           -3.368           -4.139           -7.525            0.017     
  -0.762       -1.655            0.892           -1.377            0.615            3.265           -4.027           -0.906            0.143     
   1.766        0.691            1.075           -0.320            2.086            4.542           -2.776           -0.214            1.981     
   1.704        3.819           -2.115            3.963           -2.258            6.120           -4.416            1.147            0.557     
  -7.177       -0.281           -6.897            1.209           -8.386           -5.599           -1.579            2.890          -10.067     
 -12.961       -4.386           -8.575           -5.274           -7.686          -12.438           -0.523           -5.431           -7.530     
 -20.449      -10.511           -9.938           -9.131          -11.319          -18.467           -1.982          -10.773           -9.677     
   2.984        1.507            1.476            3.132           -0.149            4.538           -1.555            6.798           -3.815     
  -1.052       -1.345            0.293           -1.981            0.929           -0.649           -0.403            0.276           -1.329     
  -6.747       -4.941           -1.806           -3.482           -3.265           -4.742           -2.005           -3.348           -3.399     
   3.422        0.440            2.981            1.586            1.836            5.618           -2.196            3.078            0.343     
   1.094       -0.564            1.658           -1.713            2.807            2.166           -1.072           -1.750            2.844     
  -2.837       -2.720           -0.117           -1.697           -1.140           -0.226           -2.611           -3.577            0.740     
   2.971       -0.241            3.211            0.696            2.275            5.355           -2.384            1.617            1.354     
   1.166       -0.757            1.923           -2.106            3.272            2.419           -1.253           -2.685            3.851     
  -1.542       -1.673            0.132           -0.854           -0.687            1.254           -2.795           -3.290            1.749     
   2.751        0.413            2.338            0.898            1.853            5.542           -2.791            0.235            2.516     
   1.790        0.923            0.867           -0.921            2.711            3.485           -1.695           -3.242            5.032     
  -0.543        0.041           -0.584            0.446           -0.988            2.629           -3.171           -3.437            2.895     

Statistical Summary dHs
                     allparams_bound                     gamma_bound                      simple_unbound                      zeta_bound             
Unsigned Error             0.000                             0.000                             0.000                             -0.000               
RMSD                       4.399                             4.480                             6.728                             4.903                
CV                         3.116                             3.293                             5.436                             3.719                
AIC                       491.980                           493.912                           621.631                           523.089               
dAIC                       0.000                             1.932                            129.651                            31.109               
AICc                     492.522                           494.167                           621.706                           523.344               
dAICc                     0.000                             1.645                            129.184                            30.822               


dH-+
                     allparams_bound                     gamma_bound                      simple_unbound                      zeta_bound             
Ref dH-+       error            result           error            result           error            result           error            result        
   5.019      -37.845           42.864          -36.569           41.588          -38.839           43.858          -39.438           44.457     
  39.197       -4.119           43.316           -2.669           41.866           -4.512           43.709           -5.260           44.457     
  46.606        1.212           45.394            2.385           44.221            4.803           41.803            2.149           44.457     
  57.361       14.637           42.725           16.067           41.294           13.770           43.592           12.905           44.457     
 -22.467      -38.060           15.593          -36.988           14.522          -37.783           15.317          -37.979           15.512     
  11.711       -4.334           16.045           -3.088           14.800           -3.456           15.167           -3.801           15.512     
  19.120        0.997           18.123            1.965           17.155            5.859           13.262            3.608           15.512     
  29.876       14.422           15.454           15.648           14.228           14.826           15.050           14.364           15.512     
 -42.065      -39.254           -2.811          -38.233           -3.832          -39.838           -2.227          -39.786           -2.279     
  -7.887       -5.528           -2.359           -4.333           -3.554           -5.511           -2.376           -5.608           -2.279     
  -0.478       -0.197           -0.281            0.721           -1.199            3.804           -4.282            1.801           -2.279     
  10.277       13.228           -2.950           14.403           -4.126           12.771           -2.493           12.557           -2.279     
 -48.279      -41.499           -6.780          -40.520           -7.759          -41.846           -6.433          -41.735           -6.545     
 -14.101       -7.773           -6.328           -6.621           -7.481           -7.519           -6.582           -7.557           -6.545     
  -6.692       -2.442           -4.250           -1.567           -5.125            1.796           -8.488           -0.147           -6.545     
   4.063       10.982           -6.919           12.115           -8.052           10.762           -6.699           10.608           -6.545     
 -54.254      -43.268          -10.987          -42.340          -11.914          -43.418          -10.836          -43.244          -11.010     
 -20.077       -9.542          -10.535           -8.440          -11.636           -9.091          -10.986           -9.066          -11.010     
 -12.667       -4.211           -8.456           -3.387           -9.281            0.224          -12.891           -1.657          -11.010     
  -1.912        9.214          -11.126           10.296          -12.208            9.191          -11.103            9.098          -11.010     
  13.289      -32.375           45.664          -32.981           46.269          -35.177           48.466          -34.957           48.245     
  45.602       -0.794           46.397           -1.020           46.623           -2.742           48.344           -2.643           48.245     
  52.414        1.077           51.337            2.667           49.747            5.688           46.726            4.169           48.245     
  61.855       16.180           45.675           15.839           46.016           13.641           48.214           13.609           48.245     
 -13.193      -31.290           18.096          -32.086           18.893          -33.001           19.808          -32.376           19.183     
  19.120        0.291           18.829           -0.126           19.246           -0.566           19.687           -0.063           19.183     
  25.932        2.163           23.770            3.562           22.370            7.863           18.069            6.749           19.183     
  35.373       17.265           18.108           16.733           18.640           15.816           19.557           16.190           19.183     
 -33.246      -31.728           -1.518          -32.520           -0.726          -35.037            1.791          -34.157            0.912     
  -0.932       -0.147           -0.785           -0.560           -0.373           -2.602            1.670           -1.844            0.912     
   5.880        1.724            4.155            3.128            2.751            5.828            0.052            4.968            0.912     
  15.320       16.827           -1.507           16.300           -0.979           13.781            1.540           14.409            0.912     
 -39.914      -34.029           -5.885          -34.844           -5.070          -37.343           -2.571          -36.402           -3.512     
  -7.600       -2.448           -5.152           -2.884           -4.716           -4.909           -2.692           -4.089           -3.512     
  -0.789       -0.577           -0.212            0.803           -1.592            3.521           -4.310            2.723           -3.512     
   8.652       14.526           -5.874           13.975           -5.323           11.474           -2.822           12.164           -3.512     
 -46.295      -35.511          -10.784          -36.346           -9.949          -39.051           -7.245          -38.043           -8.252     
 -13.982       -3.930          -10.051           -4.386           -9.595           -6.616           -7.366           -5.730           -8.252     
  -7.170       -2.059           -5.111           -0.699           -6.471            1.814           -8.984            1.082           -8.252     
   2.271       13.044          -10.773           12.473          -10.202            9.767           -7.496           10.523           -8.252     
  46.463       -0.284           46.747           -0.700           47.163           -2.329           48.791           -2.166           48.629     
  52.725        0.802           51.922            2.375           50.350            5.528           47.197            4.095           48.629     
  62.094       16.072           46.022           15.538           46.555           13.433           48.661           13.465           48.629     
  18.786       -0.376           19.162           -0.982           19.768           -1.341           20.127           -0.774           19.560     
  25.048        0.710           24.337            2.092           22.955            6.515           18.533            5.488           19.560     
  34.417       15.980           18.437           15.256           19.161           14.420           19.996           14.857           19.560     
  -0.765       -0.197           -0.567           -0.794            0.029           -2.830            2.065           -2.008            1.243     
   5.497        0.889            4.608            2.281            3.216            5.027            0.471            4.254            1.243     
  14.866       16.159           -1.293           15.445           -0.579           12.932            1.934           13.623            1.243     
  -8.317       -3.346           -4.971           -3.964           -4.353           -6.006           -2.311           -5.122           -3.195     
  -2.055       -2.259            0.204           -0.890           -1.166            1.850           -3.906            1.140           -3.195     
   7.314       13.011           -5.697           12.274           -4.961            9.755           -2.442           10.509           -3.195     
 -14.818       -4.880           -9.938           -5.515           -9.303           -7.806           -7.012           -6.856           -7.962     
  -8.556       -3.793           -4.763           -2.440           -6.116            0.050           -8.606           -0.594           -7.962     
   0.813       11.477          -10.664           10.724           -9.911            7.955           -7.143            8.775           -7.962     
  45.339       -1.091           46.431           -1.724           47.064           -3.616           48.956           -3.398           48.737     
  52.414        0.500           51.914            2.080           50.334            5.022           47.392            3.677           48.737     
  60.899       15.197           45.702           14.444           46.455           12.074           48.825           12.161           48.737     
  17.854       -0.991           18.844           -1.814           19.667           -2.437           20.290           -1.814           19.667     
  24.928        0.600           24.328            1.991           22.937            6.201           18.727            5.261           19.667     
  33.413       15.297           18.116           14.354           19.059           13.253           20.160           13.746           19.667     
  -1.769       -0.871           -0.897           -1.684           -0.085           -3.993            2.224           -3.114            1.346     
   5.306        0.719            4.587            2.120            3.185            4.645            0.660            3.960            1.346     
  13.791       15.417           -1.626           14.484           -0.693           11.698            2.093           12.445            1.346     
 -15.296       -5.014          -10.282           -5.865           -9.431           -8.438           -6.858           -7.431           -7.865     
  -8.222       -3.424           -4.798           -2.061           -6.161            0.200           -8.422           -0.357           -7.865     
   0.263       11.274          -11.011           10.303          -10.040            7.252           -6.989            8.128           -7.865     
  50.621        0.252           50.370           -2.186           52.808           -2.473           53.095           -1.806           52.427     
  54.374       -3.341           57.714           -2.204           56.577            2.655           51.718            1.947           52.427     
  61.401       11.738           49.663            9.196           52.205            8.434           52.966            8.974           52.427     
  23.614        0.851           22.763           -1.776           25.390           -0.808           24.422            0.265           23.349     
  27.366       -2.741           30.107           -1.793           29.160            4.321           23.045            4.017           23.349     
  34.393       12.337           22.056            9.606           24.787           10.100           24.293           11.044           23.349     
   5.617        3.605            2.012            1.034            4.583           -0.344            5.960            0.990            4.627     
   9.369        0.012            9.357            1.017            8.352            4.785            4.584            4.742            4.627     
  16.396       15.091            1.305           12.416            3.980           10.564            5.832           11.769            4.627     
  -0.191        2.511           -2.702           -0.067           -0.124           -1.654            1.463           -0.257            0.066     
   3.561       -1.081            4.642           -0.085            3.646            3.475            0.086            3.495            0.066     
  10.588       13.997           -3.409           11.314           -0.726            9.254            1.334           10.522            0.066     
  -7.146        1.156           -8.302           -1.411           -5.735           -3.661           -3.485           -2.194           -4.952     
  -3.394       -2.437           -0.957           -1.428           -1.966            1.468           -4.862            1.558           -4.952     
   3.633       12.641           -9.009            9.971           -6.338            7.247           -3.614            8.585           -4.952     
  29.541        6.893           22.648            5.038           24.503            6.099           23.442            7.028           22.513     
  32.553        3.399           29.153            4.505           28.048           10.571           21.981           10.040           22.513     
  39.030       17.107           21.923           15.134           23.896           15.718           23.312           16.517           22.513     
  11.185        9.113            2.073            7.305            3.880            6.136            5.050            7.325            3.860     
  14.197        5.619            8.578            6.772            7.424           10.608            3.589           10.337            3.860     
  20.674       19.326            1.348           17.401            3.273           15.755            4.919           16.814            3.860     
  -0.526        7.547           -8.073            5.737           -6.262            3.805           -4.330            5.126           -5.652     
   2.486        4.053           -1.568            5.204           -2.718            8.277           -5.791            8.138           -5.652     
   8.963       17.761           -8.798           15.833           -6.870           13.424           -4.461           14.615           -5.652     
  12.452      -36.526           48.978          -38.340           50.792          -39.159           51.611          -38.604           51.056     
  50.382        0.536           49.846           -0.799           51.182           -1.121           51.503           -0.674           51.056     
  53.991       -1.994           55.985           -0.636           54.628            3.986           50.006            2.935           51.056     
  60.612       11.495           49.117           10.039           50.573            9.240           51.372            9.556           51.056     
 -12.954      -34.301           21.347          -36.303           23.349          -35.883           22.928          -34.922           21.968     
  24.976        2.761           22.215            1.237           23.739            2.155           22.821            3.008           21.968     
  28.585        0.231           28.354            1.400           27.185            7.262           21.323            6.617           21.968     
  35.206       13.719           21.486           12.075           23.130           12.516           22.690           13.237           21.968     
 -30.617      -31.522            0.905          -33.482            2.865          -35.205            4.588          -33.986            3.369     
   7.314        5.540            1.774            4.058            3.255            2.833            4.480            3.945            3.369     
  10.923        3.010            7.913            4.221            6.701            7.940            2.983            7.554            3.369     
  17.543       16.499            1.045           14.896            2.647           13.194            4.349           14.174            3.369     
 -37.046      -33.328           -3.718          -35.300           -1.746          -37.172            0.126          -35.890           -1.156     
   0.884        3.734           -2.850            2.240           -1.356            0.866            0.019            2.040           -1.156     
   4.493        1.204            3.289            2.403            2.090            5.972           -1.479            5.649           -1.156     
  11.114       14.692           -3.579           13.078           -1.964           11.226           -0.112           12.270           -1.156     
 -43.571      -34.455           -9.116          -36.424           -7.147          -38.828           -4.743          -37.477           -6.094     
  -5.641        2.607           -8.247            1.116           -6.757           -0.790           -4.851            0.453           -6.094     
  -2.032        0.077           -2.108            1.279           -3.311            4.317           -6.348            4.062           -6.094     
   4.589       13.565           -8.976           11.954           -7.365            9.571           -4.982           10.683           -6.094     
  44.790       -0.479           45.269            0.541           44.248           -0.837           45.626           -1.273           46.063     
  49.570        1.413           48.157            2.749           46.821            5.768           43.802            3.507           46.063     
  56.310       11.688           44.622           12.648           43.662           10.806           45.504           10.247           46.063     
  20.483        2.649           17.833            3.473           17.010            3.462           17.020            3.430           17.053     
  25.263        4.541           20.722            5.680           19.583           10.067           15.196            8.210           17.053     
  32.003       14.816           17.186           15.580           16.423           15.105           16.898           14.950           17.053     
   3.752        4.897           -1.145            5.696           -1.944            4.500           -0.748            4.719           -0.967     
   8.533        6.789            1.744            7.904            0.629           11.104           -2.572            9.499           -0.967     
  15.272       17.064           -1.792           17.803           -2.531           16.143           -0.870           16.239           -0.967     
  -1.888        3.415           -5.303            4.181           -6.069            3.140           -5.028            3.419           -5.307     
   2.892        5.307           -2.415            6.388           -3.496            9.744           -6.852            8.199           -5.307     
   9.632       15.582           -5.950           16.287           -6.656           14.782           -5.150           14.939           -5.307     
  -7.242        2.586           -9.828            3.315          -10.557            2.314           -9.556            2.657           -9.899     
  -2.462        4.478           -6.939            5.522           -7.984            8.918          -11.380            7.437           -9.899     
   4.278       14.753          -10.475           15.422          -11.143           13.956           -9.678           14.177           -9.899     
  21.104        1.783           19.321            1.334           19.770            1.137           19.968            1.659           19.445     
  11.974      -35.150           47.124          -36.011           47.985          -37.535           49.509          -37.222           49.196     
  39.747       -8.139           47.886           -8.599           48.346           -9.644           49.391           -9.450           49.196     
  47.682       -5.353           53.035           -3.845           51.526           -0.112           47.794           -1.515           49.196     
  56.668        9.509           47.159            8.930           47.738            7.408           49.260            7.472           49.196     
 -13.432      -32.947           19.515          -33.997           20.565          -34.267           20.835          -33.550           20.117     
  14.340       -5.936           20.276           -6.586           20.926           -6.376           20.717           -5.777           20.117     
  22.275       -3.151           25.426           -1.831           24.106            3.156           19.120            2.158           20.117     
  31.262       11.712           19.550           10.944           20.318           10.676           20.586           11.145           20.117     
 -32.505      -32.094           -0.411          -33.125            0.620          -35.201            2.696          -34.227            1.723     
  -4.732       -5.083            0.351           -5.714            0.981           -7.310            2.578           -6.455            1.723     
   3.203       -2.298            5.500           -0.959            4.162            2.222            0.981            1.480            1.723     
  12.189       12.565           -0.375           11.816            0.374            9.742            2.447           10.467            1.723     
 -38.528      -33.652           -4.876          -34.702           -3.825          -36.824           -1.704          -35.788           -2.739     
 -10.755       -6.641           -4.114           -7.291           -3.464           -8.933           -1.822           -8.016           -2.739     
  -2.820       -3.856            1.035           -2.536           -0.284            0.599           -3.419           -0.081           -2.739     
   6.166       11.007           -4.840           10.238           -4.072            8.119           -1.953            8.906           -2.739     
 -44.503      -34.547           -9.956          -35.608           -8.894          -38.054           -6.449          -36.951           -7.552     
 -16.730       -7.536           -9.195           -8.197           -8.533          -10.163           -6.567           -9.179           -7.552     
  -8.795       -4.750           -4.045           -3.442           -5.353           -0.631           -8.164           -1.244           -7.552     
   0.191       10.112           -9.921            9.332           -9.141            6.889           -6.698            7.743           -7.552     
  47.084        5.550           41.534            7.296           39.788            5.086           41.998            4.041           43.044     
  51.530        8.619           42.911            9.575           41.955           11.507           40.022            8.486           43.044     
  58.246       17.243           41.003           19.013           39.232           16.359           41.887           15.202           43.044     
  19.216        4.767           14.449            6.301           12.915            5.687           13.529            5.044           14.172     
  23.662        7.836           15.825            8.579           15.082           12.108           11.553            9.489           14.172     
  30.378       16.460           13.917           18.018           12.360           16.960           13.418           16.205           14.172     
   2.366        5.783           -3.417            7.241           -4.875            6.170           -3.804            5.771           -3.405     
   6.812        8.852           -2.040            9.519           -2.708           12.591           -5.780           10.217           -3.405     
  13.528       17.476           -3.948           18.958           -5.430           17.442           -3.915           16.933           -3.405     
  -3.442        3.764           -7.205            5.171           -8.613            4.497           -7.939            4.157           -7.599     
   1.004        6.832           -5.829            7.450           -6.446           10.919           -9.915            8.603           -7.599     
   7.720       15.457           -7.737           16.889           -9.169           15.770           -8.050           15.319           -7.599     
  -9.058        2.063          -11.122            3.407          -12.465            3.171          -12.229            2.891          -11.950     
  -4.613        5.132           -9.745            5.685          -10.298            9.592          -14.205            7.337          -11.950     
   2.103       13.756          -11.653           15.124          -13.020           14.443          -12.340           14.053          -11.950     

Statistical Summary dH-+
                     allparams_bound                     gamma_bound                      simple_unbound                      zeta_bound             
Unsigned Error             0.007                             0.011                             0.000                             -0.050               
RMSD                       14.982                            15.072                            15.461                            15.204               
CV                         10.659                            10.675                            11.132                            10.820               
AIC                       889.022                           886.956                           891.220                           889.785               
dAIC                       2.066                             0.000                             4.264                             2.830                
AICc                     889.564                           887.210                           891.295                           890.040               
dAICc                     2.353                             0.000                             4.085                             2.830                
