RESULTS

For the following solvents:
PC  
We considered all the salts that could be formed with the following cations and anions:
Cations: Li  Na  K  Rb  Cs  
Anions: Cl  Br  I  

dGs
                     allparams_bound                     gamma_bound                      simple_unbound                      zeta_bound             
Ref dGs        error            result           error            result           error            result           error            result        
   5.590        2.626            2.964            2.407            3.184            1.620            3.971            4.186            1.405     
  -0.351        0.473           -0.824           -0.033           -0.318           -5.826            5.475            1.396           -1.748     
  -8.846       -3.220           -5.626           -3.167           -5.678          -12.267            3.421           -3.561           -5.285     
  10.852        1.035            9.817            1.367            9.485            6.774            4.078            0.538           10.314     
   6.629       -0.340            6.969           -0.033            6.661            0.917            5.711           -1.819            8.447     
   0.213       -0.558            0.770           -0.081            0.294           -3.253            3.466           -2.788            3.001     
   9.500       -0.163            9.663            0.093            9.407            6.045            3.456            0.515            8.985     
   6.867        0.317            6.550            0.475            6.392            1.814            5.052            0.112            6.755     
   2.161        1.196            0.965            1.694            0.467           -0.730            2.891            0.013            2.148     
   7.505       -1.852            9.357           -1.829            9.334            4.221            3.283           -0.937            8.441     
   5.461       -0.848            6.309           -0.904            6.366            0.572            4.889           -0.840            6.301     
   1.434        0.739            0.695            1.014            0.420           -1.290            2.724           -0.219            1.653     
   5.758       -1.646            7.404           -2.231            7.988            2.890            2.868            0.212            5.546     
   4.407        0.398            4.009           -0.363            4.770           -0.019            4.426            1.476            2.931     
   0.882        1.842           -0.960            1.592           -0.710           -1.468            2.349            1.715           -0.834     

Statistical Summary dGs
                     allparams_bound                     gamma_bound                      simple_unbound                      zeta_bound             
Unsigned Error             -0.000                            -0.000                            -0.000                            -0.000               
RMSD                       1.449                             1.497                             4.583                             1.837                
CV                         1.963                             1.687                             3.759                             2.003                
AIC                        23.128                            20.114                            49.669                            26.237               
dAIC                       3.014                             0.000                             29.555                            6.124                
AICc                      33.628                            24.114                            50.669                            30.237               
dAICc                     9.514                             0.000                             26.555                            6.124                


dG-+
                     allparams_bound                     gamma_bound                      simple_unbound                      zeta_bound             
Ref dG-+       error            result           error            result           error            result           error            result        
  38.480       -4.633           43.113           -4.615           43.095           -5.026           43.506           -4.601           43.081     
  42.352       -0.009           42.361           -0.023           42.375            0.356           41.996           -0.539           42.891     
  47.538        4.414           43.124            4.433           43.106            4.134           43.405            4.470           43.068     
  15.344       -4.533           19.877           -4.541           19.885           -4.475           19.819           -4.015           19.359     
  19.216        0.091           19.125            0.051           19.165            0.907           18.309            0.047           19.169     
  24.403        4.514           19.888            4.507           19.896            4.685           19.718            5.056           19.346     
   0.598       -4.130            4.728           -4.115            4.712           -4.509            5.107           -4.027            4.624     
   4.469        0.494            3.976            0.477            3.992            0.873            3.596            0.035            4.434     
   9.656        4.917            4.739            4.933            4.723            4.651            5.005            5.044            4.612     
  -3.394       -4.607            1.213           -4.593            1.199           -4.956            1.563           -4.469            1.075     
   0.478        0.017            0.461           -0.001            0.479            0.426            0.052           -0.407            0.885     
   5.664        4.441            1.224            4.454            1.210            4.204            1.461            4.602            1.062     
  -7.457       -4.883           -2.574           -4.869           -2.588           -5.270           -2.187           -4.777           -2.680     
  -3.585       -0.259           -3.326           -0.277           -3.308            0.112           -3.697           -0.715           -2.870     
   1.601        4.164           -2.563            4.179           -2.577            3.890           -2.288            4.294           -2.693     

Statistical Summary dG-+
                     allparams_bound                     gamma_bound                      simple_unbound                      zeta_bound             
Unsigned Error             -0.001                            -0.000                            -0.000                            -0.000               
RMSD                       3.702                             3.702                             3.771                             3.723                
CV                         3.982                             3.839                             3.758                             3.793                
AIC                        51.265                            47.265                            43.822                            47.434               
dAIC                       7.443                             3.443                             0.000                             3.611                
AICc                      61.765                            51.265                            44.822                            51.434               
dAICc                     16.943                            6.443                             0.000                             6.611                
