RESULTS

For the following solvents:
PC  
We considered all the salts that could be formed with the following cations and anions:
Cations: Li  Na  K  Rb  Cs  
Anions: Cl  Br  I  

dHs
                     allparams_bound                     gamma_bound                      simple_unbound                      zeta_bound             
Ref dHs        error            result           error            result           error            result           error            result        
  -1.919        2.819           -4.738            2.863           -4.782           -1.881           -0.038            4.393           -6.312     
  -7.368        0.296           -7.664            0.402           -7.770           -7.159           -0.209            1.251           -8.619     
 -14.833       -3.111          -11.722           -3.115          -11.718          -14.858            0.025           -3.557          -11.276     
   4.680        1.185            3.496            1.084            3.596            4.730           -0.050            0.864            3.816     
   0.979       -0.071            1.050           -0.136            1.115            1.216           -0.236           -1.485            2.464     
  -4.692       -0.970           -3.722           -1.106           -3.586           -4.712            0.020           -3.081           -1.610     
   4.999       -0.549            5.548           -0.568            5.567            4.978            0.021           -0.013            5.013     
   3.006        0.039            2.967            0.064            2.942            3.167           -0.161           -0.385            3.391     
  -0.901        0.590           -1.491            0.526           -1.427           -0.986            0.085           -0.841           -0.060     
   4.381       -1.661            6.042           -1.660            6.041            4.340            0.041           -0.754            5.135     
   2.911       -0.583            3.494           -0.541            3.452            3.054           -0.143           -0.669            3.580     
   0.227        1.206           -0.979            1.160           -0.933            0.123            0.105            0.129            0.099     
   3.898       -1.740            5.638           -1.667            5.566            3.810            0.088            0.356            3.542     
   3.272        0.359            2.913            0.482            2.790            3.362           -0.090            1.637            1.635     
   0.963        2.193           -1.230            2.211           -1.248            0.816            0.147            2.154           -1.191     

Statistical Summary dHs
                     allparams_bound                     gamma_bound                      simple_unbound                      zeta_bound             
Unsigned Error             -0.000                            -0.000                            0.000                             -0.000               
RMSD                       1.488                             1.492                             5.241                             1.920                
CV                         1.864                             2.399                             4.486                             2.108                
AIC                        23.931                            19.998                            53.696                            27.571               
dAIC                       3.933                             0.000                             33.698                            7.573                
AICc                      34.431                            23.998                            54.696                            31.571               
dAICc                     10.433                            0.000                             30.698                            7.573                


dH-+
                     allparams_bound                     gamma_bound                      simple_unbound                      zeta_bound             
Ref dH-+       error            result           error            result           error            result           error            result        
  44.790       -6.334           51.124           -6.357           51.147           -6.873           51.663           -6.452           51.242     
  49.570       -0.456           50.025           -0.429           49.999           -0.396           49.966           -1.282           50.852     
  56.310        5.169           51.140            5.146           51.163            4.761           51.549            5.094           51.216     
  20.483       -5.163           25.646           -5.160           25.643           -4.565           25.048           -4.109           24.592     
  25.263        0.716           24.547            0.768           24.495            1.913           23.350            1.061           24.201     
  32.003        6.341           25.662            6.343           25.660            7.070           24.933            7.437           24.566     
   3.752       -4.254            8.006           -4.280            8.032           -4.764            8.516           -4.286            8.039     
   8.533        1.625            6.908            1.648            6.884            1.714            6.819            0.884            7.648     
  15.272        7.250            8.023            7.223            8.049            6.871            8.402            7.260            8.012     
  -1.888       -6.033            4.145           -6.054            4.166           -6.422            4.534           -5.939            4.051     
   2.892       -0.154            3.046           -0.126            3.018            0.055            2.836           -0.769            3.661     
   9.632        5.470            4.161            5.449            4.183            5.212            4.420            5.607            4.025     
  -7.242       -7.186           -0.056           -7.201           -0.041           -7.563            0.321           -7.075           -0.167     
  -2.462       -1.307           -1.155           -1.273           -1.189           -1.085           -1.376           -1.904           -0.557     
   4.278        4.318           -0.040            4.302           -0.024            4.071            0.207            4.472           -0.193     

Statistical Summary dH-+
                     allparams_bound                     gamma_bound                      simple_unbound                      zeta_bound             
Unsigned Error             0.003                             0.000                             -0.000                            0.000                
RMSD                       4.803                             4.803                             4.904                             4.868                
CV                         5.225                             5.113                             4.903                             5.172                
AIC                        59.078                            55.080                            51.701                            55.478               
dAIC                       7.377                             3.378                             0.000                             3.776                
AICc                      69.578                            59.080                            52.701                            59.478               
dAICc                     16.877                            6.378                             0.000                             6.776                
