RESULTS

For the following solvents:
1PrOH  
We considered all the salts that could be formed with the following cations and anions:
Cations: Li  Na  K  Rb  Cs  
Anions: Cl  Br  I  

dGs
                     allparams_bound                     gamma_bound                      simple_unbound                      zeta_bound             
Ref dGs        error            result           error            result           error            result           error            result        
  -0.767        2.711           -3.478            2.115           -2.882           -5.538            4.770            2.377           -3.145     
  -5.323        0.382           -5.704           -0.668           -4.655           -9.379            4.057            0.238           -5.561     
 -10.638       -3.109           -7.530           -3.284           -7.354          -15.649            5.010           -3.186           -7.452     
   8.127        1.002            7.125            2.238            5.890            3.418            4.710            1.319            6.808     
   5.290       -0.248            5.538            0.867            4.423            1.350            3.940            0.132            5.158     
   2.053       -0.710            2.763            0.785            1.268           -2.924            4.977           -0.076            2.129     
   8.999       -0.571            9.569           -0.473            9.471            4.091            4.908           -0.843            9.842     
   7.751       -0.051            7.802           -0.167            7.918            3.597            4.154           -0.224            7.975     
   6.224        0.780            5.444            1.260            4.964            1.070            5.154            0.778            5.446     
   8.987       -1.345           10.331           -1.422           10.409            4.027            4.959           -1.545           10.532     
   8.329       -0.279            8.609           -0.548            8.878            4.128            4.201           -0.390            8.719     
   7.481        1.250            6.231            1.567            5.914            2.277            5.204            1.315            6.166     
   8.196       -1.798            9.993           -2.679           10.874            3.099            5.097           -1.947           10.143     
   8.231        0.196            8.035           -0.998            9.230            3.872            4.360            0.184            8.047     
   7.885        1.788            6.096            1.408            6.476            2.561            5.323            1.865            6.020     

Statistical Summary dGs
                     allparams_bound                     gamma_bound                      simple_unbound                      zeta_bound             
Unsigned Error             -0.000                            -0.000                            0.000                             -0.000               
RMSD                       1.404                             1.609                             5.692                             1.427                
CV                         1.846                             1.918                             5.131                             1.589                
AIC                        22.188                            22.277                            56.172                            18.676               
dAIC                       3.512                             3.601                             37.496                            0.000                
AICc                      32.688                            26.277                            57.172                            22.676               
dAICc                     10.012                            3.601                             34.496                            0.000                


dG-+
                     allparams_bound                     gamma_bound                      simple_unbound                      zeta_bound             
Ref dG-+       error            result           error            result           error            result           error            result        
  38.241       -6.966           45.207           -6.753           44.994           -7.290           45.531           -7.012           45.253     
  43.499       -0.149           43.648           -0.326           43.825           -0.513           44.012           -1.069           44.568     
  51.864        6.656           45.208            6.878           44.986            6.460           45.404            6.668           45.196     
  11.472       -6.876           18.348           -6.951           18.424           -6.200           17.673           -5.904           17.377     
  16.730       -0.059           16.789           -0.524           17.255            0.577           16.153            0.040           16.691     
  25.096        6.747           18.349            6.680           18.416            7.550           17.546            7.776           17.319     
  -5.497       -5.479           -0.018           -5.311           -0.186           -5.612            0.115           -5.304           -0.193     
  -0.239        1.339           -1.578            1.116           -1.355            1.166           -1.405            0.640           -0.879     
   8.126        8.144           -0.018            8.320           -0.194            8.139           -0.013            8.377           -0.251     
 -11.472       -7.220           -4.252           -7.066           -4.406           -7.332           -4.140           -7.022           -4.451     
  -6.214       -0.403           -5.811           -0.639           -5.575           -0.555           -5.660           -1.078           -5.136     
   2.151        6.402           -4.251            6.565           -4.414            6.418           -4.267            6.659           -4.508     
 -16.491       -7.526           -8.965           -7.349           -9.142           -7.779           -8.712           -7.465           -9.026     
 -11.233       -0.709          -10.525           -0.922          -10.311           -1.002          -10.232           -1.522           -9.712     
  -2.868        6.097           -8.965            6.282           -9.150            5.971           -8.840            6.215           -9.083     

Statistical Summary dG-+
                     allparams_bound                     gamma_bound                      simple_unbound                      zeta_bound             
Unsigned Error             -0.003                            0.000                             -0.000                            0.000                
RMSD                       5.606                             5.614                             5.671                             5.659                
CV                         6.103                             6.032                             5.629                             5.924                
AIC                        63.714                            59.755                            56.063                            59.996               
dAIC                       7.651                             3.693                             0.000                             3.933                
AICc                      74.214                            63.755                            57.063                            63.996               
dAICc                     17.151                            6.693                             0.000                             6.933                
