RESULTS

For the following solvents:
1PrOH  
We considered all the salts that could be formed with the following cations and anions:
Cations: Li  Na  K  Rb  Cs  
Anions: Cl  Br  I  

dHs
                     allparams_bound                     gamma_bound                      simple_unbound                      zeta_bound             
Ref dHs        error            result           error            result           error            result           error            result        
 -11.503        2.533          -14.036            2.596          -14.099           -7.950           -3.554            2.997          -14.501     
 -14.658        0.169          -14.827            0.283          -14.941           -9.845           -4.812            0.517          -15.174     
 -20.378       -2.648          -17.730           -2.638          -17.740          -17.247           -3.131           -2.816          -17.562     
  -1.725        0.863           -2.588            0.736           -2.461            1.936           -3.661            0.803           -2.528     
  -3.132       -0.024           -3.108           -0.130           -3.002            1.886           -5.018           -0.491           -2.641     
  -7.058       -0.644           -6.414           -0.810           -6.248           -3.868           -3.190           -1.197           -5.861     
   1.486       -1.228            2.713           -1.232            2.717            4.797           -3.311           -1.161            2.647     
   1.787       -0.330            2.117           -0.304            2.092            6.428           -4.641           -0.588            2.376     
  -0.375        0.636           -1.012            0.583           -0.958            2.501           -2.877            0.103           -0.478     
   2.918       -2.136            5.054           -2.047            4.965            5.896           -2.978           -1.435            4.353     
   4.587        0.210            4.377            0.337            4.250            8.864           -4.278            0.672            3.914     
   4.022        2.597            1.426            2.625            1.397            6.601           -2.578            2.595            1.428     

Statistical Summary dHs
                     allparams_bound                     gamma_bound                      simple_unbound                      zeta_bound             
Unsigned Error             -0.000                            -0.000                            0.000                             -0.000               
RMSD                       1.527                             1.531                             7.678                             1.593                
CV                         2.095                             1.948                             7.776                             1.633                
AIC                        22.161                            18.226                            52.920                            19.174               
dAIC                       3.935                             0.000                             34.694                            0.948                
AICc                      38.961                            23.940                            54.253                            24.888               
dAICc                     15.021                            0.000                             30.313                            0.948                


dH-+
                     allparams_bound                     gamma_bound                      simple_unbound                      zeta_bound             
Ref dH-+       error            result           error            result           error            result           error            result        
  45.339       -8.270           53.610           -8.354           53.693           -9.282           54.621           -8.726           54.066     
  52.414       -0.485           52.899           -0.383           52.797           -0.542           52.956           -1.652           54.066     
  60.899        7.288           53.610            7.207           53.691            6.417           54.482            6.833           54.066     
  17.854       -7.465           25.319           -7.475           25.329           -6.232           24.086           -5.636           23.490     
  24.928        0.321           24.608            0.496           24.433            2.508           22.420            1.438           23.490     
  33.413        8.094           25.319            8.086           25.327            9.467           23.946            9.923           23.490     
  -1.769       -5.818            4.049           -5.901            4.133           -6.609            4.841           -5.988            4.219     
   5.306        1.968            3.338            2.069            3.237            2.131            3.175            1.087            4.219     
  13.791        9.741            4.049            9.660            4.131            9.090            4.701            9.571            4.219     
 -15.296       -9.574           -5.722           -9.645           -5.651          -10.462           -4.834           -9.828           -5.468     
  -8.222       -1.788           -6.434           -1.675           -6.547           -1.722           -6.500           -2.753           -5.468     
   0.263        5.985           -5.722            5.916           -5.653            5.237           -4.974            5.731           -5.468     

Statistical Summary dH-+
                     allparams_bound                     gamma_bound                      simple_unbound                      zeta_bound             
Unsigned Error             -0.002                            0.000                             -0.000                            0.000                
RMSD                       6.496                             6.498                             6.665                             6.605                
CV                         7.546                             7.431                             7.006                             7.154                
AIC                        56.909                            52.915                            49.525                            53.308               
dAIC                       7.384                             3.390                             0.000                             3.784                
AICc                      73.709                            58.629                            50.858                            59.023               
dAICc                     22.851                            7.771                             0.000                             8.165                
