RESULTS

For the following solvents:
FA  
We considered all the salts that could be formed with the following cations and anions:
Cations: Li  Na  K  Rb  Cs  
Anions: Cl  Br  I  

dGs
                     allparams_bound                     gamma_bound                      simple_unbound                      zeta_bound             
Ref dGs        error            result           error            result           error            result           error            result        
  -8.726        2.655          -11.381            2.285          -11.011           -5.212           -3.514            3.695          -12.421     
 -13.043        0.454          -13.497           -0.422          -12.620           -9.070           -3.973           -0.908          -12.135     
 -18.454       -3.184          -15.270           -3.214          -15.240          -15.096           -3.358           -6.348          -12.106     
  -0.788        1.009           -1.797            1.762           -2.549            2.767           -3.555            4.965           -5.752     
  -3.386       -0.333           -3.053            0.472           -3.858            0.664           -4.050            2.135           -5.521     
  -6.718       -0.616           -6.103            0.205           -6.924           -3.337           -3.381           -1.308           -5.410     
   0.968       -0.306            1.274           -0.007            0.975            4.405           -3.437            2.285           -1.317     
  -0.041        0.185           -0.226            0.377           -0.418            3.881           -3.922            1.029           -1.070     
  -1.663        1.051           -2.714            1.625           -3.288            1.614           -3.277           -0.668           -0.995     
   0.311       -1.622            1.933           -1.592            1.903            3.718           -3.407            0.550           -0.239     
  -0.108       -0.602            0.494           -0.638            0.530            3.787           -3.895           -0.112            0.004     
  -1.052        0.970           -2.022            1.298           -2.349            2.197           -3.248           -1.132            0.081     
  -0.241       -1.736            1.494           -2.633            2.391            3.083           -3.324           -1.242            1.000     
   0.033        0.295           -0.262           -0.875            0.908            3.831           -3.798           -1.231            1.264     
  -0.409        1.779           -2.187            1.356           -1.765            2.768           -3.177           -1.711            1.303     

Statistical Summary dGs
                     allparams_bound                     gamma_bound                      simple_unbound                      zeta_bound             
Unsigned Error             -0.000                            -0.000                            -0.000                            -0.000               
RMSD                       1.422                             1.550                             5.528                             2.582                
CV                         1.905                             1.788                             5.008                             2.517                
AIC                        22.561                            21.149                            55.297                            36.457               
dAIC                       1.413                             0.000                             34.149                            15.308               
AICc                      33.061                            25.149                            56.297                            40.457               
dAICc                     7.913                             0.000                             31.149                            15.308               


dG-+
                     allparams_bound                     gamma_bound                      simple_unbound                      zeta_bound             
Ref dG-+       error            result           error            result           error            result           error            result        
  40.320       -7.022           47.342           -6.928           47.249           -7.616           47.936           -7.279           47.600     
  45.817       -0.127           45.944           -0.200           46.017           -0.581           46.398           -1.258           47.075     
  54.087        6.743           47.344            6.839           47.248            6.277           47.810            6.530           47.557     
  14.508       -6.906           21.413           -6.943           21.450           -5.811           20.318           -5.451           19.959     
  20.005       -0.011           20.015           -0.214           20.219            1.225           18.780            0.570           19.435     
  28.274        6.859           21.415            6.825           21.450            8.082           20.193            8.358           19.916     
  -3.346       -5.927            2.581           -5.852            2.506           -6.194            2.848           -5.820            2.474     
   2.151        0.968            1.183            0.877            1.275            0.841            1.310            0.201            1.950     
  10.421        7.838            2.583            7.915            2.505            7.699            2.722            7.990            2.431     
  -8.676       -7.056           -1.620           -6.987           -1.689           -7.286           -1.390           -6.909           -1.767     
  -3.179       -0.160           -3.018           -0.258           -2.920           -0.251           -2.928           -0.887           -2.292     
   5.091        6.710           -1.619            6.780           -1.690            6.607           -1.516            6.901           -1.810     
 -13.934       -7.524           -6.410           -7.450           -6.484           -7.973           -5.961           -7.592           -6.342     
  -8.437       -0.629           -7.808           -0.722           -7.715           -0.938           -7.499           -1.571           -6.866     
  -0.167        6.241           -6.408            6.317           -6.485            5.919           -6.086            6.217           -6.385     

Statistical Summary dG-+
                     allparams_bound                     gamma_bound                      simple_unbound                      zeta_bound             
Unsigned Error             -0.004                            0.000                             0.000                             -0.000               
RMSD                       5.644                             5.646                             5.733                             5.714                
CV                         6.127                             6.019                             5.685                             5.975                
AIC                        63.918                            59.926                            56.385                            60.288               
dAIC                       7.532                             3.541                             0.000                             3.903                
AICc                      74.418                            63.926                            57.385                            64.288               
dAICc                     17.032                            6.541                             0.000                             6.903                
