RESULTS

For the following solvents:
FA  
We considered all the salts that could be formed with the following cations and anions:
Cations: Li  Na  K  Rb  Cs  
Anions: Cl  Br  I  

dHs
                     allparams_bound                     gamma_bound                      simple_unbound                      zeta_bound             
Ref dHs        error            result           error            result           error            result           error            result        
 -11.025        2.774          -13.799            2.685          -13.710           -7.351           -3.674            3.205          -14.231     
 -13.319        0.257          -13.576           -0.016          -13.303           -9.148           -4.171           -0.553          -12.766     
 -18.537       -3.079          -15.458           -3.075          -15.462          -15.032           -3.505           -4.759          -13.778     
  -3.326        1.121           -4.447            1.304           -4.630            0.392           -3.719            3.306           -6.633     
  -3.873       -0.096           -3.777            0.149           -4.021            0.382           -4.255            1.358           -5.231     
  -7.297       -0.973           -6.324           -0.817           -6.480           -3.766           -3.531           -1.147           -6.150     
  -0.665       -0.411           -0.254           -0.262           -0.403            2.926           -3.591            0.914           -1.580     
   0.497        0.207            0.290            0.348            0.148            4.613           -4.116            0.657           -0.160     
  -1.164        0.801           -1.965            1.014           -2.178            2.254           -3.418           -0.044           -1.120     
  -0.901       -1.641            0.740           -1.608            0.707            2.658           -3.559           -0.550           -0.351     
   0.784       -0.532            1.316           -0.489            1.273            4.871           -4.087           -0.280            1.064     
   0.347        1.300           -0.953            1.407           -1.060            3.733           -3.387            0.241            0.106     
  -0.762       -1.955            1.192           -2.282            1.520            2.706           -3.469           -1.823            1.061     
   1.766        0.164            1.602           -0.245            2.011            5.748           -3.982           -0.732            2.499     
   1.704        2.063           -0.359            1.888           -0.184            5.013           -3.309            0.206            1.498     

Statistical Summary dHs
                     allparams_bound                     gamma_bound                      simple_unbound                      zeta_bound             
Unsigned Error             0.000                             0.000                             0.000                             -0.000               
RMSD                       1.485                             1.504                             5.907                             1.879                
CV                         1.882                             1.699                             5.429                             1.721                
AIC                        23.862                            20.235                            57.282                            26.915               
dAIC                       3.627                             0.000                             37.047                            6.680                
AICc                      34.362                            24.235                            58.282                            30.915               
dAICc                     10.127                            0.000                             34.047                            6.680                


dH-+
                     allparams_bound                     gamma_bound                      simple_unbound                      zeta_bound             
Ref dH-+       error            result           error            result           error            result           error            result        
  39.747       -8.829           48.575           -8.991           48.737           -9.980           49.727           -9.467           49.214     
  47.682       -0.353           48.034           -0.198           47.879           -0.450           48.132           -1.532           49.214     
  56.668        8.092           48.576            7.936           48.732            7.072           49.597            7.454           49.214     
  14.340       -8.230           22.571           -8.204           22.544           -6.743           21.084           -6.181           20.522     
  22.275        0.246           22.029            0.589           21.686            2.787           19.488            1.754           20.522     
  31.262        8.691           22.571            8.723           22.539           10.309           20.953           10.740           20.522     
  -4.732       -6.934            2.202           -7.084            2.352           -7.697            2.964           -7.104            2.372     
   3.203        1.542            1.661            1.709            1.494            1.834            1.369            0.831            2.372     
  12.189        9.987            2.203            9.843            2.347            9.355            2.834            9.818            2.372     
 -10.755       -8.661           -2.095           -8.793           -1.962           -9.324           -1.431           -8.724           -2.031     
  -2.820       -0.184           -2.636           -0.001           -2.820            0.206           -3.026           -0.789           -2.031     
   6.166        8.260           -2.094            8.134           -1.967            7.728           -1.561            8.198           -2.031     
 -16.730       -9.674           -7.056           -9.794           -6.936          -10.559           -6.171           -9.951           -6.779     
  -8.795       -1.198           -7.597           -1.001           -7.794           -1.029           -7.766           -2.016           -6.779     
   0.191        7.247           -7.056            7.133           -6.942            6.493           -6.302            6.971           -6.779     

Statistical Summary dH-+
                     allparams_bound                     gamma_bound                      simple_unbound                      zeta_bound             
Unsigned Error             0.002                             0.000                             -0.000                            0.000                
RMSD                       6.966                             6.971                             7.122                             7.058                
CV                         7.476                             7.384                             7.088                             7.191                
AIC                        70.232                            66.252                            62.896                            66.627               
dAIC                       7.335                             3.356                             0.000                             3.731                
AICc                      80.732                            70.252                            63.896                            70.627               
dAICc                     16.835                            6.356                             0.000                             6.731                
