RESULTS

For the following solvents:
water  
We considered all the salts that could be formed with the following cations and anions:
Cations: Li  Na  K  Rb  Cs  
Anions: F  Cl  Br  I  

dGs
                     allparams_bound                     gamma_bound                      simple_unbound                      zeta_bound             
Ref dGs        error            result           error            result           error            result           error            result        
   3.779       11.934           -8.155           11.456           -7.678            8.061           -4.282           11.716           -7.937     
  -9.610       -1.448           -8.162           -1.801           -7.810           -5.260           -4.351           -1.634           -7.976     
 -13.210       -3.404           -9.806           -4.373           -8.837           -8.120           -5.090           -4.788           -8.422     
 -17.808       -6.840          -10.968           -6.646          -11.163          -13.734           -4.074           -9.928           -7.880     
   0.673        2.610           -1.937            3.210           -2.537            4.987           -4.315            5.562           -4.889     
  -2.150       -0.244           -1.906            0.500           -2.650            2.237           -4.387            2.780           -4.930     
  -4.031       -1.074           -2.957           -0.646           -3.385            1.161           -5.192            1.370           -5.401     
  -6.551       -1.552           -4.999           -0.407           -6.144           -2.472           -4.079           -1.730           -4.822     
  -5.810       -4.632           -1.179           -4.369           -1.441           -1.871           -3.939           -2.946           -2.864     
  -1.279       -0.110           -1.169            0.286           -1.565            2.730           -4.009            1.625           -2.904     
  -1.570        0.818           -2.388            0.812           -2.383            3.225           -4.795            1.798           -3.368     
  -2.380        1.663           -4.043            2.571           -4.951            1.345           -3.725            0.425           -2.805     
  -1.769       -0.511           -1.257           -0.445           -1.324            2.132           -3.901            0.643           -2.411     
  -1.470        0.965           -2.435            0.651           -2.121            3.222           -4.692            1.407           -2.877     
  -1.601        2.508           -4.109            3.098           -4.699            2.018           -3.619            0.712           -2.313     
 -10.829       -8.345           -2.485           -9.272           -1.558           -7.241           -3.588           -9.023           -1.807     
  -2.082        0.416           -2.498           -0.389           -1.692            1.574           -3.656           -0.236           -1.845     
  -1.090        2.804           -3.894            1.508           -2.598            3.332           -4.422            1.212           -2.302     
  -0.719        4.442           -5.161            4.255           -4.975            2.675           -3.395            1.036           -1.755     

Statistical Summary dGs
                     allparams_bound                     gamma_bound                      simple_unbound                      zeta_bound             
Unsigned Error             -0.000                            -0.000                            0.000                             -0.000               
RMSD                       4.249                             4.305                             5.129                             4.626                
CV                         4.499                             3.958                             4.546                             3.602                
AIC                        66.977                            63.468                            66.129                            66.204               
dAIC                       3.509                             0.000                             2.661                             2.736                
AICc                      73.977                            66.326                            66.879                            69.061               
dAICc                     7.652                             0.000                             0.553                             2.736                


dG-+
                     allparams_bound                     gamma_bound                      simple_unbound                      zeta_bound             
Ref dG-+       error            result           error            result           error            result           error            result        
   4.780      -24.317           29.097          -26.818           31.598          -28.619           33.399          -28.586           33.366     
  34.656        0.234           34.422            2.295           32.361            1.398           33.257            1.289           33.366     
  40.870        0.217           40.653            2.325           38.545            9.416           31.454            7.504           33.366     
  49.952       21.481           28.472           19.051           30.901           16.806           33.147           16.586           33.366     
 -20.555      -22.928            2.373          -25.553            4.998          -26.941            6.387          -26.470            5.916     
   9.321        1.623            7.698            3.560            5.762            3.076            6.245            3.405            5.916     
  15.535        1.607           13.928            3.589           11.946           11.093            4.442            9.619            5.916     
  24.618       22.870            1.747           20.316            4.302           18.483            6.135           18.702            5.916     
 -37.524      -22.303          -15.220          -23.230          -14.294          -27.307          -10.216          -26.567          -10.957     
  -7.648        2.248           -9.896            5.883          -13.531            2.710          -10.358            3.309          -10.957     
  -1.434        2.231           -3.665            5.912           -7.346           10.727          -12.161            9.523          -10.957     
   7.648       23.495          -15.846           22.639          -14.990           18.117          -10.469           18.605          -10.957     
 -43.021      -23.870          -19.151          -25.730          -17.291          -28.824          -14.197          -28.019          -15.002     
 -13.145        0.682          -13.827            3.383          -16.528            1.193          -14.338            1.857          -15.002     
  -6.931        0.665           -7.596            3.412          -10.344            9.211          -16.142            8.071          -15.002     
   2.151       21.928          -19.777           20.139          -17.988           16.600          -14.449           17.153          -15.002     
 -48.518      -25.186          -23.332          -28.824          -19.695          -30.154          -18.364          -29.281          -19.237     
 -18.642       -0.635          -18.007            0.289          -18.931           -0.137          -18.506            0.595          -19.237     
 -12.428       -0.651          -11.777            0.319          -12.747            7.881          -20.309            6.809          -19.237     
  -3.346       20.612          -23.958           17.045          -20.391           15.271          -18.617           15.891          -19.237     

Statistical Summary dG-+
                     allparams_bound                     gamma_bound                      simple_unbound                      zeta_bound             
Unsigned Error             0.002                             0.001                             0.000                             -0.005               
RMSD                       16.245                            16.610                            17.300                            16.975               
CV                         14.117                            14.993                            15.781                            15.372               
AIC                       123.511                           120.400                           118.028                           121.269               
dAIC                       5.483                             2.373                             0.000                             3.242                
AICc                     129.972                           123.067                           118.734                           123.936               
dAICc                     11.239                            4.334                             0.000                             5.202                
