RESULTS

For the following solvents:
water  
We considered all the salts that could be formed with the following cations and anions:
Cations: Li  Na  K  Rb  Cs  
Anions: F  Cl  Br  I  

dHs
                     allparams_bound                     gamma_bound                      simple_unbound                      zeta_bound             
Ref dHs        error            result           error            result           error            result           error            result        
   1.159       10.568           -9.408            9.706           -8.547            1.762           -0.603            9.575           -8.415     
  -8.850       -1.501           -7.350           -0.468           -8.382           -8.091           -0.759           -0.592           -8.258     
 -11.670       -4.262           -7.408           -5.059           -6.611           -9.220           -2.450           -5.174           -6.496     
 -15.120       -5.307           -9.812           -6.321           -8.799          -14.994           -0.126           -6.390           -8.730     
   0.214        1.466           -1.252            1.933           -1.719            0.891           -0.676            2.101           -1.887     
   0.928        0.110            0.818            2.475           -1.547            1.771           -0.843            2.650           -1.722     
  -0.144       -1.076            0.932           -0.481            0.337            2.539           -2.683           -0.301            0.157     
  -1.800       -0.072           -1.728            0.218           -2.018           -1.663           -0.137            0.451           -2.251     
  -4.240       -5.092            0.852           -5.592            1.352           -4.423            0.183           -5.654            1.414     
   4.115        1.199            2.916            2.595            1.520            4.092            0.022            2.540            1.575     
   4.751        1.770            2.981            1.379            3.372            6.527           -1.776            1.330            3.421     
   4.859        4.425            0.434            3.769            1.090            4.186            0.673            3.769            1.090     
  -6.236       -7.849            1.613           -8.375            2.140           -6.666            0.430           -8.409            2.174     
   4.070        0.394            3.677            1.763            2.308            3.800            0.270            1.736            2.334     
   5.229        1.476            3.754            1.062            4.168            6.768           -1.539            1.041            4.189     
   6.561        5.360            1.201            4.678            1.883            5.646            0.915            4.707            1.854     
  -8.941      -10.752            1.811          -11.631            2.690           -9.927            0.986          -11.676            2.735     
   4.209        0.341            3.868            1.355            2.854            3.378            0.831            1.318            2.891     
   6.212        2.331            3.881            1.540            4.672            7.134           -0.922            1.509            4.702     
   7.918        6.472            1.447            5.454            2.465            6.490            1.428            5.470            2.448     

Statistical Summary dHs
                     allparams_bound                     gamma_bound                      simple_unbound                      zeta_bound             
Unsigned Error             -0.001                            0.000                             -0.000                            0.000                
RMSD                       4.844                             4.948                             6.432                             4.965                
CV                         4.718                             4.579                             6.164                             4.708                
AIC                        75.113                            71.962                            78.454                            72.096               
dAIC                       3.151                             0.000                             6.492                             0.133                
AICc                      81.575                            74.629                            79.160                            74.762               
dAICc                     6.946                             0.000                             4.531                             0.133                


dH-+
                     allparams_bound                     gamma_bound                      simple_unbound                      zeta_bound             
Ref dH-+       error            result           error            result           error            result           error            result        
   5.019      -28.324           33.343          -31.180           36.199          -33.172           38.191          -33.154           38.173     
  39.197        0.059           39.138            2.131           37.066            1.163           38.034            1.024           38.173     
  46.606        0.101           46.505            2.514           44.092           10.584           36.022            8.433           38.173     
  57.361       24.722           32.640           21.955           35.407           19.451           37.910           19.188           38.173     
 -22.467      -26.148            3.681          -28.940            6.473          -30.528            8.061          -30.006            7.540     
  11.711        2.235            9.476            4.371            7.340            3.808            7.904            4.172            7.540     
  19.120        2.277           16.843            4.754           14.366           13.228            5.892           11.581            7.540     
  29.876       26.898            2.978           24.195            5.681           22.096            7.780           22.336            7.540     
 -42.065      -25.908          -16.157          -26.978          -15.087          -31.606          -10.459          -30.775          -11.290     
  -7.887        2.475          -10.362            6.333          -14.220            2.729          -10.616            3.403          -11.290     
  -0.478        2.517           -2.995            6.716           -7.194           12.150          -12.628           10.812          -11.290     
  10.277       27.138          -16.860           26.156          -15.879           21.017          -10.740           21.567          -11.290     
 -48.279      -27.784          -20.495          -29.868          -18.411          -33.381          -14.899          -32.475          -15.804     
 -14.101        0.598          -14.700            3.443          -17.545            0.955          -15.056            1.703          -15.804     
  -6.692        0.641           -7.333            3.826          -10.518           10.376          -17.068            9.112          -15.804     
   4.063       25.261          -21.198           23.267          -19.203           19.243          -15.180           19.867          -15.804     
 -54.254      -29.152          -25.102          -33.209          -21.045          -34.707          -19.547          -33.724          -20.530     
 -20.077       -0.770          -19.307            0.102          -20.179           -0.372          -19.705            0.454          -20.530     
 -12.667       -0.727          -11.940            0.485          -13.152            9.049          -21.717            7.863          -20.530     
  -1.912       23.893          -25.805           19.926          -21.838           17.916          -19.829           18.618          -20.530     

Statistical Summary dH-+
                     allparams_bound                     gamma_bound                      simple_unbound                      zeta_bound             
Unsigned Error             0.002                             -0.000                            -0.000                            -0.000               
RMSD                       18.820                            19.218                            19.998                            19.637               
CV                         16.890                            17.558                            18.257                            17.840               
AIC                       129.396                           126.235                           123.825                           127.097               
dAIC                       5.571                             2.410                             0.000                             3.272                
AICc                     135.858                           128.901                           124.531                           129.763               
dAICc                     11.327                            4.370                             0.000                             5.233                
