RESULTS

For the following solvents:
water  MeOH  EtOH  1PrOH  DMSO  DMA  DMF  PC  ACE  BuOH  EG  FA  MeCN  
We considered all the salts that could be formed with the following cations and anions:
Cations: Na  
Anions: Cl  Br  I  

dGs
                     allparams_bound                     gamma_bound                      simple_unbound                      zeta_bound             
Ref dGs        error            result           error            result           error            result           error            result        
  -2.150       -9.174            7.025           -9.274            7.124           -5.054            2.904           -5.952            3.802     
  -4.031       -6.803            2.772           -7.515            3.484           -7.904            3.873           -5.770            1.739     
  -6.551       -5.231           -1.320           -5.511           -1.040           -9.083            2.532           -7.307            0.755     
   2.678       -2.976            5.654           -2.731            5.410            0.691            1.987           -1.459            4.137     
   0.295       -1.771            2.066           -2.117            2.412           -2.758            3.053           -3.736            4.031     
  -3.133       -0.413           -2.721           -0.350           -2.784           -4.745            1.611           -4.134            1.001     
   6.263        0.692            5.571            0.970            5.294            4.378            1.885            2.253            4.010     
   4.071        2.034            2.037            1.723            2.348            1.112            2.959            0.007            4.064     
   0.356        3.161           -2.805            3.257           -2.901           -1.153            1.509           -0.515            0.871     
   8.127        2.947            5.180            3.236            4.892            6.259            1.869            3.896            4.232     
   5.290        3.572            1.718            3.274            2.016            2.337            2.953            0.793            4.497     
   2.053        5.249           -3.196            5.356           -3.303            0.561            1.493            0.962            1.091     
   4.112       -0.660            4.772           -0.074            4.186            3.298            0.814            2.276            1.836     
  -1.259       -3.000            1.742           -2.986            1.727           -3.220            1.961           -4.632            3.374     
  -6.217       -2.617           -3.599           -2.213           -4.004           -6.655            0.439           -4.926           -1.291     
   8.080        2.570            5.510            3.089            4.991            7.040            1.040            5.982            2.098     
   3.593        1.309            2.284            1.249            2.344            1.435            2.159            0.531            3.062     
  -4.424       -1.558           -2.866           -1.221           -3.203           -5.088            0.664           -3.383           -1.041     
   6.861        1.143            5.718            1.617            5.243            5.668            1.192            4.479            2.382     
   2.087       -0.320            2.408           -0.427            2.514           -0.211            2.299           -1.008            3.095     
  -4.209       -1.550           -2.659           -1.257           -2.952           -5.025            0.816           -3.449           -0.760     
  10.852        3.769            7.083            3.815            7.037            8.347            2.505            7.205            3.647     
   6.629        3.610            3.018            3.050            3.578            3.128            3.501            4.492            2.137     
   0.213        1.488           -1.275            1.353           -1.140           -1.918            2.131           -0.349            0.562     
  13.864        4.964            8.899            5.333            8.531           12.484            1.379           13.244            0.620     
   8.397        3.469            4.928            3.234            5.163            6.008            2.389            9.011           -0.614     
   1.814        1.281            0.533            1.468            0.346            0.810            1.005            4.306           -2.492     
   9.322        4.115            5.208            4.406            4.917            7.463            1.859            5.127            4.196     
   6.246        4.501            1.745            4.206            2.040            3.303            2.943            1.788            4.459     
   3.248        6.417           -3.169            6.526           -3.278            1.765            1.483            2.193            1.055     
   0.168       -5.665            5.834           -5.399            5.567           -1.739            1.908           -3.706            3.875     
  -2.143       -4.389            2.246           -4.713            2.570           -5.116            2.974           -5.915            3.772     
  -5.213       -2.671           -2.542           -2.587           -2.626           -6.744            1.532           -5.951            0.738     
  -0.788       -6.779            5.991           -6.456            5.668           -2.501            1.713           -4.189            3.402     
  -3.386       -5.837            2.451           -6.103            2.717           -6.172            2.786           -6.824            3.438     
  -6.718       -4.333           -2.385           -4.193           -2.526           -8.056            1.337           -6.981            0.262     
  10.756        3.874            6.882            3.642            7.114            7.514            3.242            7.001            3.756     
   6.294        3.827            2.467            2.977            3.317            2.107            4.187            5.082            1.212     
   0.308        1.757           -1.448            1.345           -1.036           -2.564            2.873           -0.441            0.750     

Statistical Summary dGs
                     allparams_bound                     gamma_bound                      simple_unbound                      zeta_bound             
Unsigned Error             -0.000                            -0.000                            0.000                             0.000                
RMSD                       3.924                             3.939                             5.226                             4.968                
CV                         3.789                             3.551                             4.646                             4.646                
AIC                       118.640                           114.927                           132.984                           133.029               
dAIC                       3.713                             0.000                             18.057                            18.102               
AICc                     121.265                           116.103                           133.318                           134.205               
dAICc                     5.162                             0.000                             17.214                            18.102               


dG-+
                     allparams_bound                     gamma_bound                      simple_unbound                      zeta_bound             
Ref dG-+       error            result           error            result           error            result           error            result        
   9.321       -9.054           18.375           -9.249           18.570           -8.361           17.682           -7.590           16.911     
  15.535       -1.490           17.025            1.370           14.166           -0.665           16.200           -1.376           16.911     
  24.618        6.214           18.404            6.005           18.612            7.026           17.591            7.706           16.911     
  10.803       -7.667           18.470           -9.483           20.286          -10.396           21.199           -9.815           20.618     
  16.515       -1.190           17.706           -3.062           19.578           -3.425           19.940           -4.103           20.618     
  24.689        6.218           18.472            4.530           20.159            3.592           21.097            4.071           20.618     
  10.612       -8.362           18.974           -9.959           20.570          -10.929           21.541          -10.387           20.999     
  16.515       -1.742           18.258           -3.651           20.166           -3.785           20.301           -4.484           20.999     
  24.403        5.428           18.975            3.964           20.439            2.963           21.440            3.404           20.999     
  11.472       -7.558           19.030           -8.958           20.430          -10.196           21.668           -9.635           21.107     
  16.730       -1.647           18.377           -3.694           20.424           -3.722           20.452           -4.377           21.107     
  25.096        6.065           19.030            4.801           20.294            3.529           21.566            3.988           21.107     
  21.654       -7.743           29.397           -3.243           24.897           -3.229           24.883           -3.171           24.825     
  24.379       -4.746           29.125           -2.916           27.295            0.567           23.812           -0.447           24.825     
  31.023        1.621           29.402            6.233           24.790            6.241           24.782            6.198           24.825     
  25.335       -1.323           26.658            1.100           24.234            1.214           24.120            1.354           23.981     
  28.944        2.730           26.214            3.395           25.548            5.960           22.984            4.963           23.981     
  32.529        5.870           26.659            8.425           24.104            8.510           24.019            8.548           23.981     
  23.399       -1.488           24.887           -0.177           23.576           -0.238           23.637           -0.032           23.431     
  26.721        2.353           24.368            2.304           24.417            4.249           22.472            3.290           23.431     
  32.027        7.140           24.887            8.587           23.440            8.492           23.535            8.596           23.431     
  15.344       -1.982           17.326           -3.929           19.273           -3.780           19.124           -3.123           18.467     
  19.216        3.075           16.142            3.302           15.915            1.511           17.705            0.749           18.467     
  24.403        7.060           17.343            5.160           19.243            5.374           19.029            5.936           18.467     
  20.555       -2.809           23.364           -3.540           24.094           -1.859           22.413           -1.787           22.341     
  23.184        0.922           22.262            1.926           21.257            2.158           21.026            0.842           22.341     
  28.203        4.830           23.373            4.188           24.014            5.888           22.315            5.861           22.341     
  11.711       -7.374           19.086           -8.763           20.475           -9.982           21.693           -9.427           21.138     
  16.730       -1.701           18.432           -3.734           20.464           -3.746           20.476           -4.408           21.138     
  25.335        6.249           19.086            4.996           20.339            3.743           21.591            4.196           21.138     
  11.018       -7.854           18.872           -9.598           20.616          -10.399           21.417           -9.865           20.883     
  16.802       -1.307           18.109           -3.112           19.914           -3.357           20.159           -4.081           20.883     
  25.335        6.461           18.874            4.846           20.489            4.019           21.316            4.451           20.883     
  14.508       -5.584           20.092           -6.879           21.387           -7.492           22.000           -7.054           21.562     
  20.005        0.635           19.370           -0.945           20.950           -0.753           20.757           -1.557           21.562     
  28.274        8.182           20.092            7.020           21.255            6.376           21.898            6.712           21.562     
  16.539       -4.255           20.794           -1.778           18.318            0.131           16.408            0.981           15.558     
  20.172        0.872           19.300            7.165           13.007            5.301           14.871            4.614           15.558     
  25.789        4.954           20.835            7.352           18.437            9.467           16.322           10.230           15.558     

Statistical Summary dG-+
                     allparams_bound                     gamma_bound                      simple_unbound                      zeta_bound             
Unsigned Error             -0.002                            0.000                             0.000                             -0.031               
RMSD                       5.181                             5.645                             5.864                             5.810                
CV                         4.950                             5.491                             5.199                             5.230                
AIC                       140.310                           143.003                           141.971                           145.253               
dAIC                       0.000                             2.693                             1.661                             4.943                
AICc                     142.935                           144.180                           142.304                           146.429               
dAICc                     0.631                             1.876                             0.000                             4.125                
