RESULTS

For the following solvents:
water  MeOH  EtOH  1PrOH  DMSO  DMA  DMF  PC  ACE  BuOH  EG  FA  MeCN  
We considered all the salts that could be formed with the following cations and anions:
Cations: Na  
Anions: Cl  Br  I  

dHs
                     allparams_bound                     gamma_bound                      simple_unbound                      zeta_bound             
Ref dHs        error            result           error            result           error            result           error            result        
   0.928       -1.875            2.803           -1.249            2.177            2.793           -1.865            3.904           -2.976     
  -0.144        0.618           -0.762            0.113           -0.257           -0.580            0.436            0.525           -0.669     
  -1.800        2.760           -4.559            3.333           -5.133            0.948           -2.748            0.742           -2.542     
  -2.705       -2.250           -0.455           -1.735           -0.970            1.338           -4.042            1.876           -4.581     
  -4.375       -0.938           -3.437           -1.636           -2.739           -2.863           -1.511           -1.587           -2.787     
  -7.345        0.499           -7.844            0.965           -8.309           -2.409           -4.936           -3.221           -4.124     
  -1.271       -0.522           -0.748           -0.038           -1.233            3.014           -4.285            3.433           -4.704     
  -3.490        0.192           -3.682           -0.543           -2.947           -1.755           -1.735           -0.538           -2.952     
  -6.532        1.606           -8.138            2.041           -8.573           -1.354           -5.178           -2.287           -4.245     
  -1.725       -0.609           -1.116           -0.062           -1.663            2.599           -4.324            3.081           -4.806     
  -3.132        0.855           -3.987            0.174           -3.306           -1.383           -1.749           -0.022           -3.110     
  -7.058        1.449           -8.506            1.947           -9.004           -1.840           -5.217           -2.711           -4.347     
  -1.414        2.283           -3.697            2.380           -3.794            5.414           -6.828            4.286           -5.700     
  -6.143        0.045           -6.189           -1.138           -5.005           -2.039           -4.104           -1.806           -4.337     
 -11.527       -0.445          -11.083           -0.397          -11.130           -3.807           -7.720           -6.282           -5.245     
   0.115        2.722           -2.607            2.806           -2.691            6.408           -6.292            5.539           -5.423     
  -5.354       -0.085           -5.270           -1.258           -4.097           -1.719           -3.636           -1.445           -3.910     
 -11.288       -1.292           -9.997           -1.257          -10.031           -4.102           -7.186           -6.323           -4.965     
  -2.107        0.002           -2.110            0.128           -2.235            3.823           -5.930            3.165           -5.273     
  -6.980       -2.133           -4.847           -3.254           -3.726           -3.677           -3.303           -3.286           -3.693     
 -12.770       -3.270           -9.500           -3.194           -9.576           -5.946           -6.824           -7.957           -4.814     
   4.680        2.750            1.930            3.223            1.457            7.494           -2.814            8.252           -3.572     
   0.979        2.449           -1.470            1.767           -0.788            1.427           -0.448            2.389           -1.410     
  -4.692        0.752           -5.443            1.173           -5.865           -0.991           -3.701           -1.564           -3.128     
   0.044        0.520           -0.476            0.967           -0.923            4.275           -4.232            4.665           -4.621     
  -3.326       -2.562           -0.764           -2.231           -1.095            1.367           -4.693            1.449           -4.775     
  -3.873       -0.170           -3.703           -1.057           -2.815           -1.727           -2.145           -0.854           -3.018     
  -7.297        0.857           -8.154            1.138           -8.435           -1.710           -5.586           -2.981           -4.316     
   2.984       -0.500            3.484            0.256            2.728            4.046           -1.062            5.393           -2.410     
  -1.052       -0.828           -0.224           -1.184            0.131           -2.235            1.182           -1.075            0.023     
  -6.747       -2.881           -3.866           -2.180           -4.567           -4.807           -1.940           -4.761           -1.986     

Statistical Summary dHs
                     allparams_bound                     gamma_bound                      simple_unbound                      zeta_bound             
Unsigned Error             -0.000                            -0.000                            -0.000                            -0.000               
RMSD                       1.651                             1.760                             3.374                             3.798                
CV                         1.572                             1.613                             3.112                             3.437                
AIC                        43.083                            43.035                            79.397                            90.743               
dAIC                       0.048                             0.000                             36.362                            47.708               
AICc                      46.583                            44.573                            79.826                            92.281               
dAICc                     2.009                             0.000                             35.253                            47.708               


dH-+
                     allparams_bound                     gamma_bound                      simple_unbound                      zeta_bound             
Ref dH-+       error            result           error            result           error            result           error            result        
  11.711      -11.875           23.586          -11.899           23.610          -11.675           23.386          -11.085           22.796     
  19.120       -2.952           22.072           -2.142           21.263           -2.944           22.064           -3.676           22.796     
  29.876        6.260           23.616            6.214           23.662            6.571           23.305            7.080           22.796     
  19.120       -6.174           25.295           -7.075           26.196           -7.401           26.521           -6.920           26.040     
  25.932        1.533           24.399            0.767           25.165            0.533           25.399           -0.108           26.040     
  35.373       10.076           25.297            9.186           26.187            8.942           26.431            9.333           26.040     
  18.786       -6.873           25.658           -7.705           26.491           -8.041           26.827           -7.588           26.373     
  25.048        0.234           24.814           -0.521           25.569           -0.673           25.721           -1.326           26.373     
  34.417        8.757           25.659            7.936           26.481            7.681           26.736            8.043           26.373     
  17.854       -7.850           25.704           -8.647           26.501           -9.086           26.940           -8.615           26.468     
  24.928        0.002           24.926           -0.793           25.721           -0.927           25.855           -1.540           26.468     
  33.413        7.709           25.704            6.923           26.490            6.564           26.849            6.945           26.468     
  23.614       -7.768           31.382           -6.281           29.895           -6.192           29.806           -6.108           29.722     
  27.366       -3.640           31.006           -2.605           29.971           -1.485           28.851           -2.356           29.722     
  34.393        3.006           31.387            4.500           29.893            4.677           29.716            4.671           29.722     
  29.541       -0.458           29.999            0.291           29.250            0.415           29.126            0.558           28.983     
  32.553        3.111           29.442            3.612           28.940            4.440           28.113            3.570           28.983     
  39.030        9.030           30.000            9.789           29.240            9.994           29.036           10.047           28.983     
  24.976       -4.100           29.076           -3.776           28.752           -3.719           28.695           -3.526           28.502     
  28.585        0.145           28.440            0.312           28.273            0.929           27.656            0.083           28.502     
  35.206        6.129           29.076            6.466           28.740            6.601           28.604            6.704           28.502     
  20.483       -3.436           23.919           -4.218           24.701           -4.189           24.672           -3.675           24.158     
  25.263        2.683           22.580            2.537           22.726            1.857           23.406            1.105           24.158     
  32.003        8.066           23.937            7.276           24.726            7.416           24.587            7.845           24.158     
  21.104       -4.478           25.583           -5.341           26.445           -5.612           26.716           -5.168           26.272     
  14.340      -12.036           26.377          -12.717           27.058          -12.895           27.236          -12.526           26.866     
  22.275       -3.251           25.527           -3.848           26.124           -3.852           26.128           -4.591           26.866     
  31.262        4.884           26.378            4.215           27.047            4.117           27.145            4.396           26.866     
  19.216       -4.655           23.871           -3.551           22.767           -3.034           22.250           -2.396           21.612     
  23.662        1.456           22.206            3.565           20.096            2.782           20.879            2.049           21.612     
  30.378        6.464           23.914            7.532           22.846            8.205           22.173            8.765           21.612     

Statistical Summary dH-+
                     allparams_bound                     gamma_bound                      simple_unbound                      zeta_bound             
Unsigned Error             -0.001                            0.000                             -0.000                            -0.007               
RMSD                       6.100                             6.168                             6.232                             6.205                
CV                         5.873                             5.842                             5.625                             5.647                
AIC                       124.110                           120.803                           117.443                           121.169               
dAIC                       6.667                             3.360                             0.000                             3.725                
AICc                     127.610                           122.342                           117.872                           122.707               
dAICc                     9.738                             4.470                             0.000                             4.835                
