RESULTS

For the following solvents:
DMA  
We considered all the salts that could be formed with the following cations and anions:
Cations: Li  Na  K  Rb  Cs  
Anions: F  Cl  Br  I  

dGs
                     allparams_bound                     gamma_bound                      simple_unbound                      zeta_bound             
Ref dGs        error            result           error            result           error            result           error            result        
  -1.747        2.713           -4.460            2.362           -4.109           -3.539            1.792            3.179           -4.926     
  -7.952        0.416           -8.368            0.015           -7.967          -11.895            3.944            1.214           -9.165     
 -18.047       -3.134          -14.914           -3.360          -14.687          -19.140            1.093           -3.353          -14.694     
   8.080        1.119            6.960            1.842            6.238            6.100            1.979            0.889            7.191     
   3.593       -0.156            3.750            0.485            3.108           -0.701            4.294           -1.075            4.668     
  -4.424       -0.593           -3.831            0.270           -4.694           -5.625            1.201           -1.013           -3.411     
   9.046       -0.844            9.891           -0.910            9.956            7.418            1.629           -0.956           10.003     
   6.150       -0.333            6.483           -0.471            6.620            2.252            3.897           -0.845            6.995     
  -0.157        0.486           -0.643            0.549           -0.706           -1.068            0.911           -0.194            0.036     
   9.441       -1.450           10.891           -1.535           10.976            7.892            1.549           -1.301           10.742     
   7.134       -0.398            7.532           -0.557            7.691            3.306            3.829           -0.720            7.855     
   1.506        1.122            0.384            1.164            0.342            0.669            0.837            0.664            0.842     
   9.367       -1.499           10.865           -1.818           11.185            8.081            1.285           -0.336            9.703     
   7.753        0.504            7.250            0.122            7.632            4.248            3.505            1.571            6.182     
   2.627        2.046            0.580            1.844            0.782            2.001            0.625            2.278            0.349     

Statistical Summary dGs
                     allparams_bound                     gamma_bound                      simple_unbound                      zeta_bound             
Unsigned Error             0.000                             -0.000                            -0.000                            -0.000               
RMSD                       1.420                             1.476                             7.357                             1.589                
CV                         1.799                             1.683                             6.378                             1.923                
AIC                        22.521                            19.673                            63.871                            21.895               
dAIC                       2.848                             0.000                             44.198                            2.222                
AICc                      33.021                            23.673                            64.871                            25.895               
dAICc                     9.348                             0.000                             41.198                            2.222                


dG-+
                     allparams_bound                     gamma_bound                      simple_unbound                      zeta_bound             
Ref dG-+       error            result           error            result           error            result           error            result        
  53.035       -3.706           56.741           -3.751           56.787           -4.497           57.532           -4.022           57.057     
  56.644       -0.068           56.712           -0.003           56.648            0.562           56.083           -0.413           57.057     
  60.230        3.488           56.742            3.446           56.784            2.827           57.403            3.172           57.057     
  25.335       -3.917           29.252           -3.938           29.272           -3.738           29.072           -3.223           28.557     
  28.944       -0.279           29.223           -0.190           29.133            1.321           27.623            0.386           28.557     
  32.529        3.277           29.252            3.259           29.270            3.586           28.943            3.971           28.557     
   8.270       -1.982           10.252           -2.021           10.290           -2.551           10.821           -2.011           10.280     
  11.879        1.656           10.222            1.727           10.152            2.507            9.371            1.598           10.280     
  15.464        5.212           10.252            5.176           10.288            4.772           10.691            5.183           10.280     
   1.888       -3.898            5.786           -3.937            5.825           -4.490            6.378           -3.943            5.831     
   5.497       -0.260            5.757           -0.189            5.687            0.569            4.928           -0.334            5.831     
   9.082        3.296            5.786            3.259            5.823            2.834            6.249            3.251            5.831     
  -3.848       -4.550            0.702           -4.594            0.746           -5.361            1.513           -4.807            0.959     
  -0.239       -0.912            0.673           -0.846            0.607           -0.302            0.063           -1.198            0.959     
   3.346        2.644            0.702            2.603            0.744            1.963            1.383            2.387            0.959     

Statistical Summary dG-+
                     allparams_bound                     gamma_bound                      simple_unbound                      zeta_bound             
Unsigned Error             0.000                             0.000                             0.000                             0.000                
RMSD                       3.061                             3.063                             3.203                             3.084                
CV                         3.385                             3.366                             3.237                             3.097                
AIC                        45.563                            41.581                            38.921                            41.785               
dAIC                       6.643                             2.660                             0.000                             2.865                
AICc                      56.063                            45.581                            39.921                            45.785               
dAICc                     16.143                            5.660                             0.000                             5.865                
