RESULTS

For the following solvents:
DMA  
We considered all the salts that could be formed with the following cations and anions:
Cations: Li  Na  K  Rb  Cs  
Anions: F  Cl  Br  I  

dHs
                     allparams_bound                     gamma_bound                      simple_unbound                      zeta_bound             
Ref dHs        error            result           error            result           error            result           error            result        
   0.115        1.551           -1.436            1.983           -1.868            2.879           -2.763            5.237           -5.122     
  -5.354       -0.635           -4.719           -0.857           -4.497           -3.344           -2.010            0.095           -5.450     
 -11.288       -0.915          -10.373           -1.279          -10.009           -8.272           -3.016           -6.356           -4.932     
   2.060       -0.114            2.173            0.472            1.588            4.937           -2.877            4.255           -2.196     
  -1.702        0.014           -1.717           -0.514           -1.189            0.437           -2.139            0.811           -2.514     
  -5.872        0.097           -5.969            0.489           -6.361           -2.762           -3.111           -3.853           -2.020     
   1.675       -1.515            3.190           -1.209            2.885            4.664           -2.989            2.342           -0.667     
  -0.719        0.621           -1.340           -0.673           -0.047            1.548           -2.267            0.255           -0.974     
  -3.291        0.896           -4.187            1.588           -4.879           -0.088           -3.204           -2.787           -0.504     

Statistical Summary dHs
                     allparams_bound                     gamma_bound                      simple_unbound                      zeta_bound             
Unsigned Error             0.000                             -0.000                            0.000                             -0.000               
RMSD                       0.891                             1.129                             4.003                             3.571                
CV                         2.468                             2.360                             4.043                             4.118                
AIC                        9.932                             10.180                            28.968                            30.911               
dAIC                       0.000                             0.248                             19.036                            20.979               
AICc                      51.932                            20.180                            30.968                            40.911               
dAICc                     31.752                            0.000                             10.788                            20.731               


dH-+
                     allparams_bound                     gamma_bound                      simple_unbound                      zeta_bound             
Ref dH-+       error            result           error            result           error            result           error            result        
  29.541       -5.067           34.608           -4.941           34.482           -5.057           34.598           -4.908           34.449     
  32.553       -0.308           32.861           -0.742           33.295           -0.483           33.035           -0.787           33.340     
  39.030        4.417           34.612            4.575           34.455            4.571           34.459            4.679           34.350     
  11.185       -3.813           14.998           -3.496           14.681           -3.735           14.920           -3.567           14.753     
  14.197        0.946           13.250            0.703           13.494            0.840           13.357            0.554           13.643     
  20.674        5.672           15.002            6.021           14.653            5.893           14.781            6.020           14.654     
  -0.526       -5.364            4.838           -5.278            4.752           -5.411            4.885           -5.233            4.708     
   2.486       -0.605            3.090           -1.079            3.565           -0.836            3.322           -1.112            3.598     
   8.963        4.120            4.842            4.238            4.725            4.218            4.745            4.354            4.609     

Statistical Summary dH-+
                     allparams_bound                     gamma_bound                      simple_unbound                      zeta_bound             
Unsigned Error             -0.000                            -0.000                            -0.000                            0.000                
RMSD                       3.930                             3.970                             3.998                             3.993                
CV                         4.898                             5.057                             4.480                             4.989                
AIC                        36.635                            32.817                            28.944                            32.920               
dAIC                       7.691                             3.873                             0.000                             3.976                
AICc                      78.635                            42.817                            30.944                            42.920               
dAICc                     47.691                            11.873                            0.000                             11.976               
