RESULTS

For the following solvents:
water  MeOH  EtOH  1PrOH  DMSO  DMA  DMF  PC  ACE  BuOH  EG  FA  MeCN  
We considered all the salts that could be formed with the following cations and anions:
Cations: Na  
Anions: F  Cl  Br  I  

dGs
                     allparams_bound                     gamma_bound                      simple_unbound                      zeta_bound             
Ref dGs        error            result           error            result           error            result           error            result        
   0.673       -8.017            8.689           -7.840            8.513           -3.298            3.971           -5.506            6.178     
  -2.150      -10.237            8.087          -10.160            8.010           -6.209            4.059           -8.084            5.934     
  -4.031       -6.952            2.921           -7.988            3.957           -9.069            5.038           -5.569            1.538     
  -6.551       -5.515           -1.037           -5.470           -1.081          -10.235            3.684           -8.491            1.939     
   7.150        0.224            6.925            0.616            6.534            4.115            3.035            1.098            6.052     
   2.678       -3.717            6.395           -3.423            6.101           -0.455            3.133           -3.400            6.078     
   0.295       -1.668            1.963           -2.468            2.762           -3.915            4.210           -4.150            4.445     
  -3.133       -0.372           -2.762           -0.110           -3.023           -5.887            2.753           -5.091            1.958     
  10.544        3.733            6.811            4.145            6.398            7.612            2.931            4.729            5.815     
   6.263       -0.024            6.287            0.291            5.972            3.233            3.030            0.399            5.865     
   4.071        2.156            1.915            1.379            2.692           -0.043            4.115           -0.387            4.458     
   0.356        3.227           -2.871            3.509           -3.153           -2.294            2.650           -1.384            1.740     
   8.127        2.283            5.845            2.603            5.525            5.114            3.013            1.959            6.168     
   5.290        3.739            1.552            2.968            2.322            1.181            4.109            0.230            5.060     
   2.053        5.368           -3.314            5.655           -3.602           -0.580            2.633            0.012            2.041     
   4.112       -1.140            5.252           -0.626            4.739            2.164            1.948            1.655            2.457     
  -1.259       -2.694            1.436           -3.259            2.001           -4.366            3.107           -4.404            3.145     
  -6.217       -2.315           -3.902           -1.835           -4.382           -7.785            1.569           -4.568           -1.649     
   8.080        1.971            6.108            2.445            5.635            5.904            2.176            5.177            2.902     
   3.593        1.516            2.077            0.906            2.687            0.287            3.306            0.813            2.780     
  -4.424       -1.374           -3.050           -0.934           -3.490           -6.220            1.796           -3.203           -1.221     
  10.328        3.471            6.857            4.014            6.315            8.101            2.227            7.134            3.194     
   6.861        0.499            6.362            0.945            5.916            4.531            2.330            3.509            3.351     
   2.087       -0.150            2.237           -0.789            2.877           -1.360            3.448           -0.788            2.876     
  -4.209       -1.412           -2.797           -0.999           -3.210           -6.159            1.950           -3.433           -0.776     
  17.546        8.880            8.666            9.152            8.395           13.982            3.564           11.807            5.740     
  10.852        2.766            8.086            2.939            7.913            7.196            3.656            5.276            5.576     
   6.629        3.501            3.128            2.567            4.062            1.966            4.662            4.666            1.963     
   0.213        1.265           -1.052            1.405           -1.193           -3.066            3.278           -1.315            1.528     
  13.864        3.890            9.974            4.286            9.577           11.345            2.519           12.902            0.961     
   8.397        3.278            5.119            2.570            5.827            4.858            3.539           10.660           -2.263     
   1.814        0.988            0.826            1.352            0.462           -0.326            2.140            4.938           -3.124     
   9.322        3.448            5.874            3.770            5.553            6.319            3.004            3.208            6.115     
   6.246        4.666            1.580            3.897            2.349            2.147            4.099            1.243            5.003     
   3.248        6.533           -3.285            6.822           -3.574            0.624            2.624            1.261            1.987     
   4.760       -2.356            7.115           -1.949            6.708            1.805            2.954           -0.895            5.654     
   0.168       -6.418            6.586           -6.108            6.277           -2.884            3.053           -5.516            5.684     
  -2.143       -4.298            2.155           -5.082            2.939           -6.272            4.129           -6.199            4.056     
  -5.213       -2.642           -2.571           -2.365           -2.848           -7.885            2.673           -6.776            1.563     
   4.736       -2.524            7.260           -2.079            6.815            1.978            2.757           -0.166            4.902     
  -0.788       -7.525            6.737           -7.177            6.390           -3.644            2.856           -5.744            4.956     
  -3.386       -5.744            2.358           -6.489            3.103           -7.326            3.940           -6.911            3.525     
  -6.718       -4.297           -2.421           -3.982           -2.736           -9.195            2.476           -7.550            0.831     
  14.750        6.141            8.609            6.230            8.520           10.435            4.315            8.448            6.302     
  10.756        2.768            7.988            2.757            7.999            6.356            4.401            4.769            5.988     
   6.294        3.652            2.642            2.523            3.771            0.938            5.356            5.379            0.915     
   0.308        1.428           -1.120            1.386           -1.077           -3.719            4.027           -1.743            2.051     

Statistical Summary dGs
                     allparams_bound                     gamma_bound                      simple_unbound                      zeta_bound             
Unsigned Error             -0.000                            0.000                             0.000                             0.000                
RMSD                       4.199                             4.230                             5.797                             5.315                
CV                         3.810                             3.625                             4.994                             4.747                
AIC                       146.884                           143.573                           169.188                           165.025               
dAIC                       3.311                             0.000                             25.615                            21.452               
AICc                     148.984                           144.526                           169.461                           165.978               
dAICc                     4.459                             0.000                             24.935                            21.452               


dG-+
                     allparams_bound                     gamma_bound                      simple_unbound                      zeta_bound             
Ref dG-+       error            result           error            result           error            result           error            result        
 -20.555      -29.448            8.893          -29.182            8.628          -31.506           10.952          -33.460           12.906     
   9.321       -0.061            9.382            0.089            9.232           -1.479           10.800           -3.585           12.906     
  15.535        3.878           11.658            5.657            9.878            6.673            8.862            2.630           12.906     
  24.618       15.877            8.740           16.058            8.559           13.937           10.681           11.712           12.906     
 -17.424      -26.685            9.262          -27.862           10.438          -32.942           15.518          -32.461           15.038     
  10.803        0.752           10.052           -0.812           11.616           -4.592           15.395           -4.234           15.038     
  16.515        1.119           15.396           -1.592           18.108            2.765           13.750            1.478           15.038     
  24.689       15.419            9.270           14.013           10.676            9.427           15.263            9.652           15.038     
 -17.806      -27.801            9.995          -28.723           10.918          -33.769           15.964          -33.062           15.256     
  10.612       -0.199           10.811           -1.533           12.144           -5.231           15.843           -4.645           15.256     
  16.515        0.108           16.408           -2.601           19.117            2.294           14.222            1.259           15.256     
  24.403       14.377           10.025           13.205           11.197            8.693           15.710            9.146           15.256     
  11.472        1.025           10.447           -0.083           11.556           -4.537           16.009           -3.847           15.319     
  16.730        0.356           16.375           -2.428           19.158            2.311           14.419            1.412           15.319     
  25.096       15.437            9.658           14.494           10.602            9.220           15.876            9.777           15.319     
  21.654       -3.817           25.471            1.409           20.245            1.444           20.210            4.197           17.457     
  24.379       -9.015           33.394           -7.270           31.648            5.569           18.810            6.922           17.457     
  31.023        6.318           24.705           11.687           19.336           10.944           20.079           13.566           17.457     
  25.335        2.907           22.428            5.892           19.443            6.121           19.213            8.363           16.971     
  28.944       -0.507           29.450           -0.189           29.132           11.216           17.728           11.972           16.971     
  32.529       10.886           21.642           14.032           18.497           13.448           19.081           15.557           16.971     
  -5.832      -24.975           19.143          -22.677           16.846          -24.523           18.691          -22.487           16.655     
  23.399        3.321           20.078            5.099           18.300            4.817           18.582            6.744           16.655     
  26.721        0.013           26.708           -0.520           27.241            9.662           17.059           10.066           16.655     
  32.027       12.738           19.289           14.681           17.346           13.578           18.449           15.372           16.655     
 -10.660      -19.101            8.441          -20.676           10.016          -23.487           12.827          -24.460           13.800     
  15.344        6.324            9.020            4.552           10.792            2.660           12.684            1.544           13.800     
  19.216        7.052           12.164            6.123           13.093            8.387           10.829            5.416           13.800     
  24.403       16.084            8.319           14.398           10.005           11.843           12.559           10.602           13.800     
  20.555       -0.879           21.433           -1.450           22.004            3.572           16.983            4.526           16.028     
  23.184       -1.827           25.010           -1.946           25.130            8.015           15.169            7.155           16.028     
  28.203        7.512           20.690            7.064           21.139           11.349           16.854           12.174           16.028     
  11.711        1.140           10.571            0.042           11.670           -4.330           16.041           -3.625           15.337     
  16.730        0.236           16.494           -2.535           19.265            2.279           14.451            1.394           15.337     
  25.335       15.553            9.782           14.619           10.716            9.427           15.908            9.998           15.337     
 -17.089      -27.239           10.150          -28.350           11.261          -32.893           15.804          -32.279           15.190     
  11.018        0.074           10.944           -1.427           12.446           -4.663           15.681           -4.172           15.190     
  16.802        0.508           16.294           -2.146           18.948            2.766           14.036            1.612           15.190     
  25.335       15.173           10.162           13.830           11.505            9.786           15.548           10.145           15.190     
 -12.667      -24.958           12.290          -25.578           12.910          -29.230           16.563          -28.248           15.580     
  14.508        1.396           13.111            0.361           14.146           -1.935           16.442           -1.073           15.580     
  20.005        1.325           18.680           -1.062           21.066            5.186           14.818            4.425           15.580     
  28.274       15.950           12.325           15.076           13.198           11.965           16.309           12.694           15.580     
 -12.165      -23.296           11.131          -20.176            8.011          -21.459            9.294          -24.293           12.128     
  16.539        4.997           11.542            8.072            8.467            7.405            9.134            4.411           12.128     
  20.172        7.107           13.066           12.492            7.680           13.047            7.125            8.044           12.128     
  25.789       14.824           10.965           17.872            7.917           16.768            9.021           13.661           12.128     

Statistical Summary dG-+
                     allparams_bound                     gamma_bound                      simple_unbound                      zeta_bound             
Unsigned Error             -0.022                            0.000                             -0.000                            -8.304               
RMSD                       13.106                            13.307                            14.206                            14.166               
CV                         10.255                            10.663                            11.431                            11.023               
AIC                       253.871                           251.296                           253.444                           257.183               
dAIC                       2.576                             0.000                             2.148                             5.887                
AICc                     255.971                           252.248                           253.717                           258.135               
dAICc                     3.723                             0.000                             1.469                             5.887                
