RESULTS

For the following solvents:
water  MeOH  EtOH  1PrOH  DMSO  DMA  DMF  PC  ACE  BuOH  EG  FA  MeCN  
We considered all the salts that could be formed with the following cations and anions:
Cations: Na  
Anions: F  Cl  Br  I  

dHs
                     allparams_bound                     gamma_bound                      simple_unbound                      zeta_bound             
Ref dHs        error            result           error            result           error            result           error            result        
   0.214       -2.402            2.616           -1.980            2.195            2.000           -1.785            2.906           -2.692     
   0.928       -1.310            2.238           -0.969            1.897            2.512           -1.583            3.486           -2.558     
  -0.144        0.655           -0.800            0.170           -0.314           -0.792            0.647            0.565           -0.709     
  -1.800        2.871           -4.671            3.280           -5.080            0.639           -2.439            0.257           -2.057     
  -1.554       -1.147           -0.408           -0.611           -0.943            2.363           -3.918            2.645           -4.199     
  -2.705       -1.972           -0.732           -1.528           -1.177            0.989           -3.694            1.409           -4.114     
  -4.375       -1.147           -3.227           -1.633           -2.742           -3.134           -1.240           -1.612           -2.763     
  -7.345        0.321           -7.666            0.839           -8.184           -2.785           -4.560           -3.755           -3.590     
  -1.271       -0.241           -1.030            0.175           -1.446            2.658           -3.929            2.961           -4.232     
  -3.490       -0.010           -3.480           -0.532           -2.958           -2.033           -1.457           -0.568           -2.922     
  -6.532        1.432           -7.964            1.922           -8.454           -1.737           -4.795           -2.824           -3.708     
  -1.725       -0.445           -1.279            0.102           -1.827            2.242           -3.967            2.607           -4.332     
  -3.132        0.539           -3.671            0.137           -3.269           -1.661           -1.471           -0.057           -3.075     
  -7.058        1.156           -8.214            1.777           -8.835           -2.225           -4.833           -3.251           -3.807     
  -1.414        2.739           -4.154            2.704           -4.118            4.981           -6.395            3.784           -5.198     
  -6.143        0.049           -6.192           -1.003           -5.140           -2.390           -3.754           -1.878           -4.265     
 -11.527       -0.443          -11.084           -0.406          -11.121           -4.268           -7.260           -6.850           -4.677     
   0.115        3.303           -3.187            3.177           -3.061            5.991           -5.876            5.045           -4.930     
  -5.354        0.031           -5.385           -1.081           -4.273           -2.055           -3.300           -1.504           -3.851     
 -11.288       -1.167          -10.121           -1.219          -10.069           -4.547           -6.742           -6.883           -4.406     
  -6.573       -4.184           -2.390           -4.176           -2.397           -0.815           -5.759           -1.727           -4.846     
  -2.107        0.581           -2.689            0.493           -2.600            3.417           -5.525            2.676           -4.784     
  -6.980       -2.024           -4.956           -3.085           -3.895           -4.003           -2.977           -3.339           -3.641     
 -12.770       -3.146           -9.624           -3.161           -9.609           -6.379           -6.391           -8.511           -4.259     
   4.680        3.374            1.306            3.552            1.129            7.183           -2.503            7.816           -3.135     
   0.979        2.557           -1.578            1.879           -0.900            1.188           -0.209            2.407           -1.428     
  -4.692        0.922           -5.613            1.170           -5.861           -1.329           -3.363           -2.067           -2.625     
   0.044        0.877           -0.833            1.212           -1.168            3.921           -3.878            4.196           -4.152     
   2.365        3.278           -0.913            3.533           -1.167            6.916           -4.551            6.747           -4.382     
  -3.326       -2.094           -1.232           -1.932           -1.395            0.999           -4.325            0.975           -4.301     
  -3.873       -0.185           -3.687           -0.960           -2.913           -2.018           -1.855           -0.886           -2.986     
  -7.297        0.870           -8.167            1.106           -8.403           -2.106           -5.191           -3.520           -3.777     
   2.984        0.020            2.964            0.492            2.492            3.788           -0.805            4.992           -2.009     
  -1.052       -0.846           -0.207           -1.175            0.122           -2.424            1.372           -1.014           -0.039     
  -6.747       -2.813           -3.934           -2.275           -4.472           -5.091           -1.656           -5.229           -1.518     

Statistical Summary dHs
                     allparams_bound                     gamma_bound                      simple_unbound                      zeta_bound             
Unsigned Error             -0.000                            -0.008                            -0.000                            -0.000               
RMSD                       1.872                             1.938                             3.442                             3.841                
CV                         1.704                             1.763                             3.147                             3.427                
AIC                        55.882                            54.323                            90.523                           102.204               
dAIC                       1.559                             0.000                             36.200                            47.881               
AICc                      58.882                            55.656                            90.898                           103.537               
dAICc                     3.226                             0.000                             35.241                            47.881               


dH-+
                     allparams_bound                     gamma_bound                      simple_unbound                      zeta_bound             
Ref dH-+       error            result           error            result           error            result           error            result        
 -22.467      -40.464           17.997          -40.326           17.860          -41.771           19.304          -41.438           18.971     
  11.711       -6.657           18.369           -6.579           18.290           -7.513           19.224           -7.260           18.971     
  19.120       -0.323           19.444            0.488           18.632            0.916           18.205            0.149           18.971     
  29.876       11.951           17.925           12.061           17.815           10.714           19.161           10.904           18.971     
 -13.193      -30.701           17.508          -31.424           18.231          -34.899           21.706          -34.571           21.378     
  19.120        0.951           18.170            0.038           19.082           -2.521           21.641           -2.258           21.378     
  25.932        3.734           22.198            2.223           23.709            5.156           20.776            4.554           21.378     
  35.373       17.782           17.591           16.962           18.411           13.801           21.572           13.995           21.378     
  18.786        0.230           18.556           -0.583           19.369           -3.091           21.877           -2.839           21.625     
  25.048        2.221           22.827            0.701           24.347            4.024           21.024            3.423           21.625     
  34.417       16.444           17.973           15.725           18.692           12.610           21.807           12.792           21.625     
  17.854       -0.375           18.228           -1.078           18.932           -4.110           21.964           -3.842           21.696     
  24.928        2.110           22.818            0.556           24.372            3.800           21.128            3.233           21.696     
  33.413       15.770           17.643           15.163           18.250           11.519           21.894           11.717           21.696     
  23.614       -2.986           26.600           -0.687           24.301           -0.560           24.174           -0.496           24.109     
  27.366       -5.744           33.110           -5.161           32.527            3.929           23.437            3.257           24.109     
  34.393        8.356           26.037           10.741           23.652           10.288           24.105           10.284           24.109     
  29.541        4.427           25.114            5.642           23.900            5.892           23.650            5.980           23.561     
  32.553        1.794           30.758            1.683           30.869            9.684           22.868            8.991           23.561     
  39.030       14.498           24.532           15.806           23.224           15.450           23.580           15.469           23.561     
 -12.954      -35.987           23.033          -35.099           22.145          -36.329           23.375          -36.158           23.204     
  24.976        1.142           23.834            1.777           23.199            1.659           23.317            1.772           23.204     
  28.585       -0.515           29.100           -1.035           29.620            6.069           22.516            5.381           23.204     
  35.206       11.957           23.248           12.689           22.517           11.958           23.247           12.001           23.204     
  20.483        2.436           18.047            1.494           18.989            0.268           20.215            0.501           19.981     
  25.263        5.305           19.958            4.719           20.543            6.023           19.240            5.282           19.981     
  32.003       14.458           17.545           13.574           18.429           11.853           20.150           12.021           19.981     
  21.104        2.393           18.711            1.499           19.605           -0.687           21.791           -0.446           21.550     
 -13.432      -32.703           19.270          -33.191           19.759          -35.687           22.255          -35.423           21.991     
  14.340       -5.621           19.962           -6.313           20.653           -7.852           22.192           -7.650           21.991     
  22.275       -1.931           24.206           -3.318           25.593            0.938           21.338            0.285           21.991     
  31.262       11.884           19.378           11.287           19.975            9.140           22.122            9.271           21.991     
  19.216       -0.502           19.718            1.089           18.127            0.868           18.348            1.123           18.093     
  23.662        3.593           20.069            6.243           17.419            6.370           17.291            5.568           18.093     
  30.378       11.042           19.336           12.637           17.741           12.089           18.289           12.285           18.093     

Statistical Summary dH-+
                     allparams_bound                     gamma_bound                      simple_unbound                      zeta_bound             
Unsigned Error             -0.031                            0.000                             0.000                             -2.144               
RMSD                       14.184                            14.232                            14.622                            14.504               
CV                         10.531                            10.381                            10.583                            10.224               
AIC                       197.646                           193.887                           191.775                           195.210               
dAIC                       5.871                             2.112                             0.000                             3.436                
AICc                     200.646                           195.220                           192.150                           196.544               
dAICc                     8.496                             3.070                             0.000                             4.394                
