RESULTS

For the following solvents:
MeOH  
We considered all the salts that could be formed with the following cations and anions:
Cations: Li  Na  K  Rb  Cs  
Anions: F  Cl  Br  I  

dGs
                     allparams_bound                     gamma_bound                      simple_unbound                      zeta_bound             
Ref dGs        error            result           error            result           error            result           error            result        
   9.300       12.649           -3.349           12.119           -2.819            8.723            0.577           12.803           -3.503     
  -5.739       -2.275           -3.463           -2.646           -3.092           -6.271            0.532           -2.203           -3.535     
  -9.840       -3.349           -6.491           -4.489           -5.351           -9.895            0.055           -3.236           -6.604     
 -15.347       -6.902           -8.445           -6.897           -8.450          -16.042            0.696           -6.963           -8.383     
   7.150        3.388            3.762            4.294            2.855            6.610            0.539            3.364            3.786     
   2.678       -1.023            3.701            0.072            2.606            2.186            0.492           -1.133            3.811     
   0.295       -1.175            1.470           -0.416            0.711            0.318           -0.023           -1.316            1.611     
  -3.133       -1.466           -1.668           -0.205           -2.928           -3.807            0.674           -1.675           -1.459     
   1.001       -3.644            4.645           -3.454            4.455            0.320            0.681           -3.595            4.596     
   3.884       -0.670            4.554           -0.308            4.192            3.248            0.635           -0.706            4.589     
   3.090        0.992            2.098            0.896            2.195            2.960            0.131            0.946            2.144     
   1.372        1.891           -0.519            2.579           -1.207            0.569            0.803            1.731           -0.359     
   3.681       -1.038            4.718           -0.923            4.604            3.008            0.673           -1.031            4.712     
   3.478        1.159            2.318            0.846            2.632            3.312            0.166            1.150            2.327     
   2.438        2.762           -0.324            3.220           -0.782            1.599            0.839            2.641           -0.203     
  -3.946       -7.722            3.776           -8.658            4.712           -4.762            0.816           -7.495            3.549     
   3.152       -0.502            3.654           -1.282            4.435            2.381            0.772           -0.356            3.509     
   3.642        2.682            0.960            1.314            2.329            3.364            0.278            2.839            0.804     
   3.105        4.240           -1.135            3.940           -0.835            2.179            0.926            4.234           -1.130     

Statistical Summary dGs
                     allparams_bound                     gamma_bound                      simple_unbound                      zeta_bound             
Unsigned Error             -0.000                            -0.000                            -0.000                            -0.000               
RMSD                       4.313                             4.386                             5.715                             4.315                
CV                         4.638                             4.045                             4.768                             4.136                
AIC                        67.543                            64.180                            70.235                            63.563               
dAIC                       3.980                             0.617                             6.672                             0.000                
AICc                      74.543                            67.037                            70.985                            66.420               
dAICc                     8.123                             0.617                             4.564                             0.000                


dG-+
                     allparams_bound                     gamma_bound                      simple_unbound                      zeta_bound             
Ref dG-+       error            result           error            result           error            result           error            result        
   8.867       -8.389           17.256          -23.104           31.971          -26.760           35.627          -26.690           35.557     
  37.094      -10.219           47.313            3.851           33.243            1.583           35.511            1.537           35.557     
  42.806        0.318           42.488            1.163           41.643            8.849           33.957            7.249           35.557     
  50.980       17.444           33.536           18.957           32.023           15.594           35.385           15.423           35.557     
 -17.424       -8.142           -9.281          -25.071            7.647          -25.532            8.109          -25.119            7.695     
  10.803       -9.972           20.775            1.883            8.920            2.811            7.992            3.108            7.695     
  16.515        0.565           15.950           -0.804           17.320           10.077            6.438            8.820            7.695     
  24.689       17.691            6.998           16.989            7.700           16.822            7.867           16.994            7.695     
 -34.728       -6.856          -27.872          -19.745          -14.983          -25.535           -9.192          -24.906           -9.822     
  -6.501       -8.685            2.184            7.209          -13.710            2.808           -9.309            3.321           -9.822     
  -0.789        1.852           -2.640            4.521           -5.310           10.074          -10.862            9.033           -9.822     
   7.385       18.978          -11.592           22.315          -14.930           16.819           -9.434           17.207           -9.822     
 -40.512       -8.451          -32.061          -22.627          -17.884          -27.131          -13.380          -26.449          -14.062     
 -12.285      -10.280           -2.005            4.327          -16.612            1.212          -13.497            1.777          -14.062     
  -6.573        0.257           -6.830            1.639           -8.212            8.478          -15.051            7.489          -14.062     
   1.601       17.383          -15.781           19.433          -17.832           15.223          -13.622           15.663          -14.062     
 -45.794       -9.051          -36.743          -26.054          -19.739          -27.925          -17.869          -27.187          -18.607     
 -17.567      -10.881           -6.686            0.900          -18.467            0.418          -17.985            1.040          -18.607     
 -11.855       -0.343          -11.511           -1.788          -10.067            7.684          -19.539            6.752          -18.607     
  -3.681       16.782          -20.463           16.006          -19.687           14.430          -18.110           14.926          -18.607     

Statistical Summary dG-+
                     allparams_bound                     gamma_bound                      simple_unbound                      zeta_bound             
Unsigned Error             0.001                             0.000                             -0.000                            -0.011               
RMSD                       10.967                            15.233                            16.151                            15.865               
CV                         11.161                            13.868                            14.761                            14.424               
AIC                       107.797                           116.939                           115.279                           118.565               
dAIC                       0.000                             9.142                             7.482                             10.768               
AICc                     114.258                           119.606                           115.985                           121.232               
dAICc                     0.000                             5.347                             1.727                             6.973                
