RESULTS

For the following solvents:
MeOH  
We considered all the salts that could be formed with the following cations and anions:
Cations: Li  Na  K  Rb  Cs  
Anions: F  Cl  Br  I  

dHs
                     allparams_bound                     gamma_bound                      simple_unbound                      zeta_bound             
Ref dHs        error            result           error            result           error            result           error            result        
   0.394       12.924          -12.530           11.593          -11.199            3.744           -3.350           11.585          -11.190     
 -11.479       -1.601           -9.879           -0.349          -11.130           -8.055           -3.425           -0.364          -11.116     
 -14.897       -4.021          -10.876           -4.578          -10.319          -10.665           -4.231           -4.919           -9.978     
 -19.661       -7.280          -12.381           -7.325          -12.336          -16.512           -3.149           -8.883          -10.777     
  -1.554        3.683           -5.238            2.722           -4.276            1.859           -3.413            3.964           -5.519     
  -2.705       -0.152           -2.553            1.492           -4.197            0.788           -3.493            2.742           -5.447     
  -4.375       -1.330           -3.044           -1.159           -3.215           -0.011           -4.364           -0.018           -4.356     
  -7.345       -2.043           -5.301           -1.860           -5.485           -4.159           -3.186           -2.259           -5.086     
  -5.554       -3.442           -2.112           -4.373           -1.182           -2.381           -3.174           -3.804           -1.750     
   0.936        0.383            0.553            2.045           -1.109            4.187           -3.251            2.613           -1.677     
   0.975        1.055           -0.081            1.150           -0.175            5.078           -4.104            1.548           -0.573     
  -0.232        1.775           -2.007            2.102           -2.334            2.736           -2.968            1.101           -1.333     
  -7.096       -5.590           -1.506           -6.721           -0.375           -3.986           -3.111           -6.262           -0.834     
   1.346        0.187            1.159            1.647           -0.302            4.533           -3.187            2.106           -0.761     
   1.907        1.347            0.560            1.264            0.643            5.952           -4.045            1.567            0.340     
   1.924        3.306           -1.382            3.445           -1.521            4.831           -2.907            2.343           -0.419     
  -9.395       -7.872           -1.523           -9.560            0.164           -6.449           -2.946           -9.613            0.218     
   1.891        0.767            1.123            1.660            0.231            4.911           -3.021            1.598            0.293     
   3.296        2.958            0.338            2.182            1.113            7.150           -3.854            1.885            1.411     
   3.688        4.945           -1.257            4.622           -0.934            6.448           -2.760            3.068            0.620     

Statistical Summary dHs
                     allparams_bound                     gamma_bound                      simple_unbound                      zeta_bound             
Unsigned Error             -0.000                            -0.000                            0.000                             -0.000               
RMSD                       4.552                             4.659                             6.312                             4.745                
CV                         4.943                             4.601                             5.822                             4.363                
AIC                        72.619                            69.556                            77.696                            70.280               
dAIC                       3.063                             0.000                             8.139                             0.724                
AICc                      79.081                            72.223                            78.402                            72.947               
dAICc                     6.858                             0.000                             6.179                             0.724                


dH-+
                     allparams_bound                     gamma_bound                      simple_unbound                      zeta_bound             
Ref dH-+       error            result           error            result           error            result           error            result        
  13.289      -10.118           23.406          -27.477           40.765          -31.442           44.731          -31.393           44.682     
  45.602      -12.239           57.842            3.435           42.167            0.998           44.604            0.920           44.682     
  52.414       -0.033           52.447            0.693           51.721            9.500           42.914            7.732           44.682     
  61.855       19.801           42.054           21.089           40.766           17.386           44.468           17.173           44.682     
 -13.193       -8.780           -4.413          -27.431           14.238          -27.980           14.787          -27.536           14.343     
  19.120      -10.902           30.023            3.481           15.640            4.460           14.661            4.777           14.343     
  25.932        1.304           24.628            0.738           25.194           12.962           12.970           11.589           14.343     
  35.373       21.138           14.235           21.135           14.238           20.848           14.525           21.030           14.343     
 -33.246       -7.545          -25.700          -22.869          -10.377          -29.208           -4.038          -28.515           -4.731     
  -0.932       -9.667            8.735            8.043           -8.975            3.233           -4.165            3.799           -4.731     
   5.880        2.539            3.341            5.301            0.579           11.735           -5.855           10.610           -4.731     
  15.320       22.373           -7.053           25.697          -10.377           19.621           -4.301           20.051           -4.731     
 -39.914       -9.771          -30.143          -26.302          -13.612          -31.318           -8.596          -30.566           -9.348     
  -7.600      -11.892            4.292            4.610          -12.211            1.122           -8.722            1.748           -9.348     
  -0.789        0.313           -1.102            1.868           -2.656            9.624          -10.413            8.560           -9.348     
   8.652       20.148          -11.496           22.264          -13.612           17.510           -8.858           18.000           -9.348     
 -46.295      -11.138          -35.157          -30.481          -15.815          -32.816          -13.480          -31.999          -14.297     
 -13.982      -13.260           -0.722            0.431          -14.413           -0.375          -13.606            0.315          -14.297     
  -7.170       -1.054           -6.116           -2.311           -4.859            8.127          -15.297            7.127          -14.297     
   2.271       18.781          -16.510           18.085          -15.814           16.013          -13.742           16.567          -14.297     

Statistical Summary dH-+
                     allparams_bound                     gamma_bound                      simple_unbound                      zeta_bound             
Unsigned Error             -0.002                            0.000                             -0.000                            -0.013               
RMSD                       12.733                            17.570                            18.648                            18.337               
CV                         13.344                            16.112                            17.060                            16.694               
AIC                       113.769                           122.647                           121.029                           124.356               
dAIC                       0.000                             8.878                             7.260                             10.587               
AICc                     120.231                           125.313                           121.735                           127.023               
dAICc                     0.000                             5.083                             1.504                             6.792                
