RESULTS

For the following solvents:
water  MeOH  EtOH  1PrOH  DMSO  DMA  DMF  PC  ACE  BuOH  EG  FA  MeCN  
We considered all the salts that could be formed with the following cations and anions:
Cations: K  
Anions: F  Cl  Br  I  

dGs
                     allparams_bound                     gamma_bound                      simple_unbound                      zeta_bound             
Ref dGs        error            result           error            result           error            result           error            result        
  -5.810      -10.719            4.908          -11.325            5.515          -10.132            4.322           -9.603            3.793     
  -1.279       -6.102            4.823           -6.609            5.330           -5.649            4.370           -5.133            3.855     
  -1.570       -6.067            4.497           -5.422            3.852           -6.481            4.911           -5.833            4.263     
  -2.380       -3.910            1.530           -4.534            2.154           -6.555            4.175           -5.114            2.734     
   1.001       -3.816            4.817           -4.165            5.167           -2.883            3.885           -3.203            4.205     
   3.884       -0.873            4.756           -1.124            5.007           -0.055            3.938           -0.444            4.328     
   3.090       -1.588            4.678           -0.699            3.789           -1.443            4.534           -2.269            5.360     
   1.372       -0.080            1.452           -0.447            1.819           -2.368            3.741           -1.806            3.178     
   4.180       -0.646            4.826           -0.972            5.152            0.346            3.835           -0.014            4.195     
   7.254        2.486            4.768            2.258            4.995            3.365            3.889            2.931            4.323     
   6.652        1.942            4.709            2.853            3.798            2.163            4.489            1.245            5.406     
   4.647        3.184            1.463            2.840            1.807            0.956            3.691            1.474            3.172     
   8.999        4.370            4.629            4.162            4.837            5.118            3.880            4.599            4.400     
   7.751        3.154            4.597            4.084            3.667            3.265            4.486            2.200            5.551     
   6.224        4.900            1.324            4.577            1.647            2.542            3.682            2.975            3.249     
   5.103        0.258            4.845            0.253            4.849            1.748            3.355            1.137            3.965     
   1.322       -3.653            4.975           -2.527            3.849           -2.675            3.996           -4.200            5.522     
  -1.926       -3.468            1.542           -3.588            1.662           -5.083            3.157           -4.745            2.819     
   9.046        3.995            5.051            3.922            5.124            5.576            3.470            5.062            3.984     
   6.150        1.042            5.108            2.102            4.047            2.054            4.096            0.792            5.358     
  -0.157       -1.904            1.746           -2.093            1.935           -3.429            3.272           -2.991            2.834     
   4.204       -0.924            5.128           -1.130            5.334            0.713            3.491            0.328            3.876     
   8.090        3.012            5.079            2.903            5.187            4.543            3.547            4.062            4.029     
   4.907       -0.197            5.104            0.830            4.077            0.741            4.166           -0.415            5.322     
   0.321       -1.453            1.774           -1.677            1.998           -3.028            3.349           -2.557            2.878     
   8.841        3.713            5.128            3.192            5.648            4.705            4.136            4.950            3.891     
   9.500        4.450            5.050            4.029            5.471            5.315            4.186            5.530            3.971     
   6.867        2.073            4.794            2.800            4.067            2.125            4.742            2.311            4.555     
   2.161        0.409            1.752           -0.129            2.290           -1.828            3.989           -0.677            2.838     
  13.301        7.106            6.195            6.822            6.479            9.657            3.644            9.900            3.401     
   9.424        3.450            5.974            4.314            5.110            5.216            4.208            5.350            4.074     
   4.551        1.657            2.894            1.258            3.294            1.104            3.447            2.292            2.259     
  10.433        5.790            4.643            5.583            4.850            6.557            3.876            6.041            4.392     
   8.946        4.335            4.611            5.266            3.680            4.464            4.482            3.404            5.542     
   7.658        6.320            1.338            5.997            1.661            3.980            3.678            4.418            3.241     
  -1.652       -6.568            4.916           -6.910            5.258           -5.498            3.846           -5.799            4.148     
   1.111       -3.744            4.856           -3.988            5.100           -2.789            3.900           -3.160            4.271     
   0.390       -4.388            4.778           -3.492            3.881           -4.106            4.496           -4.915            5.305     
  -0.970       -2.521            1.552           -2.881            1.911           -4.672            3.702           -4.092            3.122     
  -0.863       -5.913            5.050           -6.225            5.362           -4.614            3.751           -4.920            4.057     
   0.968       -4.024            4.992           -4.238            5.206           -2.838            3.806           -3.219            4.187     
  -0.041       -4.972            4.931           -4.047            4.006           -4.446            4.405           -5.305            5.264     
  -1.663       -3.350            1.687           -3.680            2.017           -5.271            3.608           -4.699            3.036     
   6.977        2.306            4.670            1.627            5.350            2.501            4.476            3.334            3.642     
  10.337        5.758            4.579            5.178            5.159            5.814            4.523            6.649            3.688     
   7.464        3.272            4.192            3.847            3.617            2.415            5.049            3.521            3.943     
   3.189        1.898            1.291            1.201            1.988           -1.140            4.329            0.608            2.580     

Statistical Summary dGs
                     allparams_bound                     gamma_bound                      simple_unbound                      zeta_bound             
Unsigned Error             -0.000                            -0.000                            0.000                             0.000                
RMSD                       4.053                             4.093                             4.301                             4.234                
CV                         3.773                             3.774                             3.869                             3.967                
AIC                       143.541                           140.476                           141.127                           143.652               
dAIC                       3.065                             0.000                             0.650                             3.176                
AICc                     145.641                           141.428                           141.399                           144.604               
dAICc                     4.242                             0.029                             0.000                             3.205                


dG-+
                     allparams_bound                     gamma_bound                      simple_unbound                      zeta_bound             
Ref dG-+       error            result           error            result           error            result           error            result        
 -37.524      -30.258           -7.266          -30.233           -7.291          -32.520           -5.004          -34.499           -3.025     
  -7.648       -0.904           -6.744           -0.990           -6.658           -2.507           -5.142           -4.623           -3.025     
  -1.434        2.913           -4.347            4.872           -6.306            5.467           -6.901            1.591           -3.025     
   7.648       15.074           -7.426           15.000           -7.352           12.898           -5.250           10.673           -3.025     
 -34.728      -27.018           -7.709          -27.794           -6.933          -33.434           -1.293          -33.119           -1.609     
  -6.501        0.363           -6.864           -0.832           -5.669           -5.096           -1.405           -4.892           -1.609     
  -0.789        0.374           -1.163           -1.906            1.117            2.111           -2.899            0.820           -1.609     
   7.385       15.082           -7.696           14.042           -6.656            8.911           -1.526            8.994           -1.609     
 -34.895      -27.865           -7.030          -28.399           -6.495          -33.964           -0.931          -33.433           -1.462     
  -6.477       -0.321           -6.156           -1.300           -5.177           -5.436           -1.041           -5.015           -1.462     
  -0.574       -0.389           -0.184           -2.711            2.138            1.939           -2.513            0.888           -1.462     
   7.314       14.307           -6.994           13.486           -6.173            8.475           -1.161            8.776           -1.462     
  -5.497        1.023           -6.520            0.286           -5.783           -4.603           -0.894           -4.081           -1.416     
  -0.239       -0.047           -0.192           -2.465            2.226            2.099           -2.338            1.177           -1.416     
   8.126       15.487           -7.361           14.912           -6.786            9.141           -1.015            9.543           -1.416     
   4.565       -3.782            8.347            0.757            3.808            2.009            2.556            4.525            0.040     
   7.290       -9.534           16.824           -8.710           16.000            6.004            1.285            7.250            0.040     
  13.934        6.402            7.532           11.080            2.855           11.497            2.437           13.894            0.040     
   8.270        3.035            5.234            5.596            2.674            6.554            1.715            8.570           -0.300     
  11.879       -0.863           12.742           -1.101           12.979           11.512            0.366           12.179           -0.300     
  15.464       11.066            4.398           13.784            1.680           13.869            1.595           15.764           -0.300     
 -23.160      -25.039            1.879          -22.925           -0.235          -24.449            1.289          -22.641           -0.519     
   6.071        3.190            2.881            4.737            1.334            4.881            1.190            6.589           -0.519     
   9.393       -0.573            9.966           -1.422           10.815            9.586           -0.193            9.911           -0.519     
  14.699       12.659            2.040           14.369            0.330           13.630            1.069           15.217           -0.519     
 -25.406      -17.280           -8.127          -18.639           -6.767          -21.899           -3.508          -22.964           -2.442     
   0.598        8.106           -7.508            6.543           -5.945            4.235           -3.638            3.040           -2.442     
   4.469        8.645           -4.176            8.241           -3.772            9.792           -5.322            6.912           -2.442     
   9.656       17.910           -8.255           16.420           -6.765           13.407           -3.751           12.098           -2.442     
   5.019        0.979            4.040            0.132            4.888            5.235           -0.216            5.994           -0.975     
   7.648       -0.190            7.838           -0.320            7.968            9.511           -1.863            8.623           -0.975     
  12.667        9.418            3.249            8.686            3.982           13.000           -0.333           13.642           -0.975     
  -5.497        0.904           -6.401            0.173           -5.670           -4.629           -0.869           -4.092           -1.405     
  -0.478       -0.401           -0.077           -2.809            2.331            1.835           -2.313            0.927           -1.405     
   8.126       15.368           -7.242           14.799           -6.672            9.116           -0.989            9.531           -1.405     
 -34.130      -27.263           -6.867          -27.996           -6.134          -33.062           -1.068          -32.621           -1.509     
  -6.023       -0.005           -6.018           -1.160           -4.863           -4.843           -1.180           -4.514           -1.509     
  -0.239        0.072           -0.311           -2.174            1.935            2.435           -2.674            1.270           -1.509     
   8.294       15.145           -6.851           14.145           -5.851            9.594           -1.300            9.803           -1.509     
 -30.521      -25.692           -4.829          -26.023           -4.498          -30.063           -0.458          -29.272           -1.249     
  -3.346        0.604           -3.950           -0.177           -3.169           -2.779           -0.567           -2.097           -1.249     
   2.151        0.159            1.992           -1.937            4.088            4.193           -2.042            3.400           -1.249     
  10.421       15.209           -4.788           14.587           -4.166           11.108           -0.688           11.670           -1.249     
 -27.844      -23.202           -4.642          -20.998           -6.847          -21.529           -6.315          -24.320           -3.524     
   0.860        5.064           -4.204            7.237           -6.376            7.320           -6.460            4.385           -3.524     
   4.493        7.110           -2.617           12.094           -7.601           12.777           -8.284            8.018           -3.524     
  10.110       14.927           -4.817           17.045           -6.935           16.672           -6.562           13.634           -3.524     

Statistical Summary dG-+
                     allparams_bound                     gamma_bound                      simple_unbound                      zeta_bound             
Unsigned Error             -0.029                            0.000                             -0.000                           -12.877               
RMSD                       13.206                            13.358                            14.357                            14.344               
CV                         10.297                            10.792                            11.615                            10.954               
AIC                       254.583                           251.656                           254.440                           258.352               
dAIC                       2.928                             0.000                             2.784                             6.696                
AICc                     256.683                           252.608                           254.713                           259.304               
dAICc                     4.075                             0.000                             2.105                             6.696                
