RESULTS

For the following solvents:
water  MeOH  EtOH  1PrOH  DMSO  DMA  DMF  PC  ACE  BuOH  EG  FA  MeCN  
We considered all the salts that could be formed with the following cations and anions:
Cations: K  
Anions: F  Cl  Br  I  

dHs
                     allparams_bound                     gamma_bound                      simple_unbound                      zeta_bound             
Ref dHs        error            result           error            result           error            result           error            result        
  -4.240       -5.922            1.682           -5.901            1.661           -4.978            0.738           -6.406            2.166     
   4.115        2.334            1.781            2.333            1.782            3.155            0.959            1.884            2.231     
   4.751        2.155            2.596            1.469            3.282            1.313            3.438            2.272            2.479     
   4.859        4.377            0.482            4.640            0.219            4.796            0.063            4.364            0.495     
  -5.554       -5.680            0.125           -4.819           -0.736           -4.285           -1.270           -5.397           -0.157     
   0.936        0.645            0.291            1.520           -0.584            1.959           -1.023            0.929            0.007     
   0.975       -0.812            1.787           -0.246            1.221           -0.735            1.709           -0.291            1.266     
  -0.232        0.808           -1.040            1.930           -2.162            1.700           -1.931            1.544           -1.776     
   1.868        1.909           -0.041            2.714           -0.846            3.119           -1.251            2.179           -0.311     
   1.357       -0.154            1.511            0.373            0.984           -0.145            1.502            0.326            1.031     
   0.079        1.451           -1.372            2.503           -2.424            2.238           -2.159            2.174           -2.095     
   1.486        1.465            0.021            2.411           -0.925            2.775           -1.289            1.768           -0.282     
   1.787        0.141            1.647            0.849            0.938            0.296            1.491            0.619            1.168     
  -0.375        0.936           -1.311            2.128           -2.503            1.823           -2.198            1.692           -2.067     
   0.171        5.063           -4.892            3.802           -3.630            3.874           -3.702            4.231           -4.060     
  -2.849       -0.026           -2.823           -1.280           -1.569           -2.093           -0.757           -0.897           -1.952     
  -6.470       -0.251           -6.219           -1.264           -5.206           -1.861           -4.609           -0.633           -5.837     
   2.060        5.914           -3.854            5.040           -2.980            5.232           -3.172            5.371           -3.312     
  -1.702        0.283           -1.985           -0.694           -1.008           -1.401           -0.301           -0.202           -1.500     
  -5.872       -0.687           -5.186           -1.314           -4.558           -1.791           -4.081           -0.777           -5.095     
 -12.964       -9.647           -3.317          -10.226           -2.738           -9.886           -3.078           -9.973           -2.991     
  -0.856        2.262           -3.119            1.715           -2.572            1.963           -2.819            1.923           -2.779     
  -4.021       -2.683           -1.337           -3.382           -0.639           -4.040            0.019           -2.924           -1.097     
  -8.047       -3.596           -4.451           -3.897           -4.150           -4.319           -3.728           -3.483           -4.564     
   4.999        3.796            1.204            4.174            0.826            4.887            0.112            3.810            1.189     
   3.006        0.795            2.211            0.594            2.412            0.344            2.662            1.283            1.723     
  -0.901       -0.792           -0.109           -0.157           -0.744           -0.111           -0.790           -0.334           -0.567     
  -2.615       -1.614           -1.001           -1.228           -1.387           -0.732           -1.882           -1.459           -1.155     
  -0.665        0.163           -0.828            0.567           -1.232            0.968           -1.633            0.316           -0.981     
   0.497       -0.221            0.718           -0.098            0.595           -0.621            1.118            0.145            0.352     
  -1.164        0.996           -2.160            1.646           -2.810            1.378           -2.542            1.601           -2.765     
   3.422        1.514            1.908            0.851            2.571            1.763            1.659            0.406            3.016     
   1.094       -1.461            2.555           -2.902            3.996           -2.981            4.076           -1.923            3.017     
  -2.837       -3.460            0.623           -3.851            1.014           -3.605            0.768           -4.138            1.301     

Statistical Summary dHs
                     allparams_bound                     gamma_bound                      simple_unbound                      zeta_bound             
Unsigned Error             0.000                             -0.001                            -0.000                            -0.000               
RMSD                       3.079                             3.180                             3.234                             3.124                
CV                         2.617                             2.711                             2.724                             2.579                
AIC                        88.482                            86.671                            83.820                            85.449               
dAIC                       4.662                             2.851                             0.000                             1.629                
AICc                      91.593                            88.051                            84.207                            86.828               
dAICc                     7.386                             3.843                             0.000                             2.621                


dH-+
                     allparams_bound                     gamma_bound                      simple_unbound                      zeta_bound             
Ref dH-+       error            result           error            result           error            result           error            result        
 -42.065      -41.651           -0.414          -41.679           -0.387          -43.047            0.982          -44.212            2.147     
  -7.887       -7.863           -0.024           -7.971            0.084           -8.790            0.903          -10.034            2.147     
  -0.478       -1.681            1.203           -0.393           -0.085           -0.374           -0.104           -2.625            2.147     
  10.277       10.772           -0.495           10.696           -0.419            9.436            0.841            8.131            2.147     
 -33.246      -31.267           -1.978          -32.042           -1.203          -36.352            3.106          -36.211            2.966     
  -0.932        0.362           -1.294           -0.709           -0.223           -3.974            3.042           -3.898            2.966     
   5.880        2.944            2.935            1.077            4.803            3.693            2.187            2.914            2.966     
  15.320       17.222           -1.902           16.283           -0.963           12.347            2.973           12.355            2.966     
  -0.765        0.115           -0.880           -0.818            0.054           -4.016            3.251           -3.815            3.051     
   5.497        1.901            3.596           -0.009            5.506            3.089            2.408            2.447            3.051     
  14.866       16.358           -1.492           15.559           -0.693           11.684            3.182           11.816            3.051     
  -1.769       -0.576           -1.193           -1.337           -0.431           -5.104            3.335           -4.846            3.077     
   5.306        1.699            3.607           -0.276            5.582            2.797            2.509            2.229            3.077     
  13.791       15.599           -1.808           14.974           -1.184           10.525            3.266           10.714            3.077     
   5.617       -3.352            8.969           -0.481            6.098            0.306            5.310            1.698            3.919     
   9.369       -6.351           15.720           -6.120           15.489            4.786            4.583            5.450            3.919     
  16.396        8.019            8.376           11.010            5.386           11.154            5.242           12.477            3.919     
  11.185        4.313            6.872            5.793            5.392            6.357            4.829            7.463            3.722     
  14.197        1.453           12.744            0.937           13.260           10.140            4.056           10.475            3.722     
  20.674       14.413            6.261           16.027            4.647           15.914            4.760           16.952            3.722     
 -30.617      -35.038            4.421          -33.864            3.248          -35.201            4.585          -34.213            3.596     
   7.314        2.066            5.247            2.840            4.474            2.786            4.528            3.717            3.596     
  10.923        0.188           10.734           -0.753           11.676            7.186            3.736            7.326            3.596     
  17.543       12.911            4.632           13.822            3.721           13.084            4.459           13.947            3.596     
   3.752        4.874           -1.122            3.626            0.126            1.988            1.764            1.269            2.484     
   8.533        7.577            0.955            7.104            1.428            7.733            0.800            6.049            2.484     
  15.272       16.924           -1.651           15.750           -0.478           13.573            1.699           12.789            2.484     
 -32.505      -32.410           -0.095          -32.912            0.408          -36.090            3.585          -35.679            3.174     
  -4.732       -5.351            0.619           -6.172            1.440           -8.255            3.522           -7.906            3.174     
   3.203       -1.865            5.068           -3.643            6.846            0.525            2.678            0.029            3.174     
  12.189       12.183            0.007           11.497            0.692            8.736            3.453            9.016            3.174     
   2.366       -0.008            2.374            1.580            0.786            2.217            0.149            0.508            1.858     
   6.812        3.946            2.866            7.468           -0.656            7.708           -0.896            4.954            1.858     
  13.528       11.562            1.966           13.136            0.392           13.438            0.090           11.670            1.858     

Statistical Summary dH-+
                     allparams_bound                     gamma_bound                      simple_unbound                      zeta_bound             
Unsigned Error             -0.009                            0.000                             0.000                             -7.046               
RMSD                       14.559                            14.636                            15.130                            15.119               
CV                         11.065                            11.045                            11.300                            10.977               
AIC                       194.119                           190.478                           188.735                           192.687               
dAIC                       5.384                             1.743                             0.000                             3.952                
AICc                     197.230                           191.858                           189.122                           194.066               
dAICc                     8.108                             2.735                             0.000                             4.944                
