RESULTS

For the following solvents:
MeCN  
We considered all the salts that could be formed with the following cations and anions:
Cations: Li  Na  K  Rb  Cs  
Anions: F  Cl  Br  I  

dGs
                     allparams_bound                     gamma_bound                      simple_unbound                      zeta_bound             
Ref dGs        error            result           error            result           error            result           error            result        
  21.824       12.599            9.225           12.919            8.905           14.948            6.875           15.138            6.686     
   7.263       -1.425            8.688           -1.106            8.369            0.297            6.967            0.733            6.530     
   1.083       -3.038            4.120           -2.672            3.755           -6.875            7.958           -1.850            2.932     
  -6.981       -6.917           -0.064           -6.914           -0.067          -13.569            6.588           -8.926            1.945     
  14.750        2.669           12.081            2.003           12.747            7.858            6.892            2.259           12.491     
  10.756       -0.827           11.583           -1.491           12.248            3.767            6.989           -1.639           12.396     
   6.294       -1.308            7.602           -1.897            8.191           -1.776            8.070           -3.412            9.706     
   0.308       -2.238            2.546           -3.232            3.541           -6.258            6.566           -7.060            7.369     
   6.977       -4.637           11.613           -4.146           11.122            0.684            6.293           -2.909            9.886     
  10.337       -0.757           11.094           -0.265           10.602            3.950            6.387            0.580            9.757     
   7.464        0.518            6.947            1.076            6.388            0.022            7.442            0.654            6.811     
   3.189        0.915            2.274            1.087            2.102           -2.808            5.997           -1.878            5.067     
   9.584       -0.701           10.285           -0.471           10.055            3.374            6.211            0.783            8.801     
   7.302        1.123            6.179            1.422            5.880            0.029            7.273            1.383            5.918     
   3.705        2.217            1.487            2.128            1.576           -2.120            5.825           -0.441            4.146     
   1.479       -7.303            8.782           -7.301            8.780           -4.259            5.738           -4.487            5.966     
   9.056        0.816            8.240            0.817            8.239            3.227            5.829            3.254            5.802     
   7.467        3.549            3.918            3.609            3.858            0.609            6.858            4.882            2.585     
   4.371        4.742           -0.371            4.434           -0.063           -1.100            5.471            2.936            1.436     

Statistical Summary dGs
                     allparams_bound                     gamma_bound                      simple_unbound                      zeta_bound             
Unsigned Error             -0.000                            -0.000                            0.000                             0.000                
RMSD                       4.300                             4.331                             5.818                             4.924                
CV                         4.254                             3.960                             4.511                             4.502                
AIC                        67.426                            63.699                            70.917                            68.579               
dAIC                       3.727                             0.000                             7.219                             4.880                
AICc                      74.426                            66.556                            71.667                            71.436               
dAICc                     7.870                             0.000                             5.111                             4.880                


dG-+
                     allparams_bound                     gamma_bound                      simple_unbound                      zeta_bound             
Ref dG-+       error            result           error            result           error            result           error            result        
   9.202      -22.641           31.843          -24.580           33.781          -25.931           35.133          -25.906           35.108     
  37.906        2.424           35.482            3.511           34.395            2.906           35.000            2.798           35.108     
  41.539       -0.342           41.881            1.761           39.778            8.216           33.323            6.431           35.108     
  47.156       16.430           30.726           14.187           32.969           12.250           34.906           12.048           35.108     
 -12.165      -19.911            7.745          -21.680            9.514          -23.134           10.969          -22.696           10.531     
  16.539        5.155           11.385            6.411           10.128            5.703           10.836            6.008           10.531     
  20.172        2.389           17.784            4.661           15.511           11.013            9.159            9.641           10.531     
  25.789       19.160            6.628           17.087            8.702           15.047           10.742           15.258           10.531     
 -27.844      -20.084           -7.761          -20.770           -7.074          -24.101           -3.743          -23.412           -4.432     
   0.860        4.982           -4.121            7.320           -6.460            4.736           -3.876            5.292           -4.432     
   4.493        2.216            2.278            5.570           -1.077           10.046           -5.553            8.925           -4.432     
  10.110       18.987           -8.877           17.996           -7.886           14.080           -3.970           14.542           -4.432     
 -33.078      -21.866          -11.212          -23.255           -9.823          -25.825           -7.253          -25.076           -8.002     
  -4.374        3.199           -7.573            4.835           -9.209            3.012           -7.386            3.628           -8.002     
  -0.741        0.433           -1.174            3.085           -3.826            8.322           -9.063            7.261           -8.002     
   4.876       17.205          -12.329           15.511          -10.635           12.356           -7.480           12.878           -8.002     
 -38.360      -23.542          -14.818          -26.212          -12.149          -27.466          -10.894          -26.655          -11.706     
  -9.656        1.523          -11.179            1.879          -11.535            1.372          -11.027            2.050          -11.706     
  -6.023       -1.243           -4.780            0.129           -6.152            6.682          -12.705            5.683          -11.706     
  -0.406       15.529          -15.935           12.554          -12.961           10.715          -11.122           11.299          -11.706     

Statistical Summary dG-+
                     allparams_bound                     gamma_bound                      simple_unbound                      zeta_bound             
Unsigned Error             0.003                             0.001                             -0.000                            -0.002               
RMSD                       14.074                            14.401                            15.050                            14.739               
CV                         12.981                            13.490                            14.212                            13.923               
AIC                       117.774                           114.693                           112.455                           115.621               
dAIC                       5.319                             2.238                             0.000                             3.165                
AICc                     124.236                           117.360                           113.161                           118.287               
dAICc                     11.075                            4.199                             0.000                             5.126                
