RESULTS

For the following solvents:
FA  
We considered all the salts that could be formed with the following cations and anions:
Cations: Li  Na  K  Rb  Cs  
Anions: F  Cl  Br  I  

dGs
                     allparams_bound                     gamma_bound                      simple_unbound                      zeta_bound             
Ref dGs        error            result           error            result           error            result           error            result        
   7.364       13.097           -5.733           12.779           -5.415            9.843           -2.479           14.280           -6.916     
  -8.726       -2.820           -5.906           -3.001           -5.725           -6.194           -2.532           -1.761           -6.965     
 -13.043       -3.343           -9.700           -4.727           -8.315           -9.942           -3.100           -5.507           -7.535     
 -18.454       -6.923          -11.531           -6.807          -11.647          -16.115           -2.339          -11.598           -6.856     
   4.736        3.822            0.913            4.723            0.012            7.262           -2.527            8.088           -3.353     
  -0.788       -1.584            0.797           -0.515           -0.272            1.795           -2.583            2.616           -3.404     
  -3.386       -1.245           -2.141           -0.913           -2.473           -0.190           -3.196            0.617           -4.003     
  -6.718       -1.475           -5.243           -0.336           -6.383           -4.351           -2.368           -3.438           -3.280     
  -0.863       -2.745            1.882           -2.417            1.554            1.520           -2.383            0.122           -0.985     
   0.968       -0.766            1.734           -0.287            1.255            3.405           -2.437            2.003           -1.035     
  -0.041        1.405           -1.446            1.015           -1.056            2.997           -3.038            1.586           -1.626     
  -1.663        2.326           -3.989            3.049           -4.712            0.576           -2.239           -0.740           -0.923     
   0.311       -1.608            1.919           -1.350            1.661            2.711           -2.400            0.771           -0.460     
  -0.108        1.093           -1.200            0.515           -0.622            2.896           -3.004            0.945           -1.053     
  -1.052        2.719           -3.771            3.239           -4.290            1.152           -2.203           -0.703           -0.348     
  -6.288       -7.400            1.112           -8.103            1.815           -4.044           -2.244           -6.539            0.251     
  -0.241       -1.172            0.930           -1.742            1.500            2.055           -2.297           -0.443            0.202     
   0.033        2.538           -2.505            0.960           -0.926            2.918           -2.884            0.414           -0.380     
  -0.409        4.079           -4.488            3.918           -4.327            1.706           -2.115           -0.713            0.304     

Statistical Summary dGs
                     allparams_bound                     gamma_bound                      simple_unbound                      zeta_bound             
Unsigned Error             0.000                             -0.000                            -0.000                            -0.000               
RMSD                       4.385                             4.462                             5.808                             5.176                
CV                         4.774                             4.081                             4.766                             3.944                
AIC                        68.171                            64.833                            70.853                            70.473               
dAIC                       3.337                             0.000                             6.020                             5.640                
AICc                      75.171                            67.690                            71.603                            73.330               
dAICc                     7.480                             0.000                             3.912                             5.640                


dG-+
                     allparams_bound                     gamma_bound                      simple_unbound                      zeta_bound             
Ref dG-+       error            result           error            result           error            result           error            result        
  13.145       -6.843           19.988          -21.690           34.835          -25.952           39.097          -25.867           39.012     
  40.320      -10.141           50.461            4.080           36.240            1.336           38.985            1.308           39.012     
  45.817        0.357           45.460            1.238           44.579            8.354           37.463            6.805           39.012     
  54.087       16.076           38.011           18.989           35.098           15.227           38.860           15.075           39.012     
 -12.667       -6.721           -5.947          -24.815           12.148          -24.446           11.779          -24.039           11.371     
  14.508      -10.018           24.526            0.955           13.553            2.842           11.666            3.136           11.371     
  20.005        0.480           19.525           -1.887           21.892            9.860           10.144            8.634           11.371     
  28.274       16.198           12.076           15.864           12.411           16.733           11.541           16.903           11.371     
 -30.521       -5.746          -24.775          -18.980          -11.541          -25.018           -5.503          -24.407           -6.114     
  -3.346       -9.044            5.698            6.790          -10.136            2.269           -5.615            2.768           -6.114     
   2.151        1.454            0.697            3.948           -1.797            9.288           -7.137            8.265           -6.114     
  10.421       17.172           -6.752           21.699          -11.278           16.160           -5.740           16.535           -6.114     
 -35.851       -6.874          -28.977          -21.389          -14.462          -26.156           -9.695          -25.496          -10.355     
  -8.676      -10.172            1.496            4.381          -13.057            1.131           -9.807            1.679          -10.355     
  -3.179        0.326           -3.505            1.539           -4.718            8.150          -11.329            7.176          -10.355     
   5.091       16.045          -10.954           19.290          -14.199           15.023           -9.932           15.446          -10.355     
 -41.109       -7.343          -33.766          -24.847          -16.262          -26.894          -14.216          -26.179          -14.930     
 -13.934      -10.641           -3.293            0.923          -14.857            0.394          -14.328            0.996          -14.930     
  -8.437       -0.143           -8.294           -1.919           -6.518            7.413          -15.850            6.493          -14.930     
  -0.167       15.576          -15.743           15.832          -15.999           14.285          -14.453           14.762          -14.930     

Statistical Summary dG-+
                     allparams_bound                     gamma_bound                      simple_unbound                      zeta_bound             
Unsigned Error             -0.000                            0.000                             0.000                             -0.006               
RMSD                       10.115                            14.727                            15.650                            15.373               
CV                         10.293                            13.518                            14.249                            13.920               
AIC                       104.560                           115.587                           114.018                           117.305               
dAIC                       0.000                             11.027                            9.458                             12.745               
AICc                     111.022                           118.253                           114.724                           119.972               
dAICc                     0.000                             7.232                             3.702                             8.950                
