RESULTS

For the following solvents:
FA  
We considered all the salts that could be formed with the following cations and anions:
Cations: Li  Na  K  Rb  Cs  
Anions: F  Cl  Br  I  

dHs
                     allparams_bound                     gamma_bound                      simple_unbound                      zeta_bound             
Ref dHs        error            result           error            result           error            result           error            result        
   5.390       13.839           -8.449           13.559           -8.170            8.508           -3.118           14.002           -8.613     
 -11.025       -2.610           -8.416           -2.779           -8.246           -7.880           -3.145           -2.413           -8.612     
 -13.319       -4.006           -9.313           -4.557           -8.762           -9.882           -3.437           -4.825           -8.494     
 -18.537       -7.323          -11.215           -7.380          -11.157          -15.491           -3.046          -10.116           -8.421     
   2.365        4.566           -2.200            5.040           -2.674            5.508           -3.142            6.831           -4.465     
  -3.326       -1.192           -2.134           -0.592           -2.734           -0.155           -3.171            1.141           -4.467     
  -3.873       -1.329           -2.543           -0.878           -2.994           -0.386           -3.487            0.511           -4.383     
  -7.297       -2.126           -5.171           -1.528           -5.769           -4.236           -3.061           -3.037           -4.260     
  -2.615       -2.095           -0.519           -2.022           -0.593            0.454           -3.068           -0.905           -1.710     
  -0.665       -0.193           -0.472           -0.003           -0.662            2.431           -3.096            1.046           -1.711     
   0.497        1.516           -1.019            1.491           -0.995            3.902           -3.405            2.114           -1.617     
  -1.164        2.163           -3.327            2.438           -3.602            1.830           -2.994            0.352           -1.516     
  -4.802       -4.718           -0.084           -4.755           -0.046           -1.752           -3.049           -3.761           -1.040     
  -0.901       -0.864           -0.037           -0.785           -0.116            2.176           -3.077            0.140           -1.041     
   0.784        1.333           -0.549            1.215           -0.431            4.172           -3.388            1.733           -0.949     
   0.347        3.220           -2.873            3.393           -3.046            3.323           -2.976            1.193           -0.847     
  -7.507       -7.174           -0.333           -7.645            0.138           -4.510           -2.997           -7.236           -0.271     
  -0.762       -0.458           -0.305           -0.821            0.059            2.262           -3.024           -0.492           -0.270     
   1.766        2.764           -0.997            2.116           -0.350            5.092           -3.326            1.933           -0.167     
   1.704        4.690           -2.986            4.495           -2.790            4.635           -2.931            1.792           -0.087     

Statistical Summary dHs
                     allparams_bound                     gamma_bound                      simple_unbound                      zeta_bound             
Unsigned Error             -0.000                            -0.000                            0.000                             -0.000               
RMSD                       4.607                             4.626                             5.720                             4.846                
CV                         4.907                             4.485                             4.928                             4.038                
AIC                        73.099                            69.265                            73.759                            71.123               
dAIC                       3.834                             0.000                             4.494                             1.858                
AICc                      79.561                            71.932                            74.465                            73.790               
dAICc                     7.629                             0.000                             2.533                             1.858                


dH-+
                     allparams_bound                     gamma_bound                      simple_unbound                      zeta_bound             
Ref dH-+       error            result           error            result           error            result           error            result        
  11.974       -7.993           19.967          -23.776           35.750          -28.277           40.251          -28.227           40.201     
  39.747      -11.749           51.496            2.493           37.254           -0.387           40.134           -0.454           40.201     
  47.682        0.205           47.477            1.051           46.630            9.126           38.556            7.481           40.201     
  56.668       18.089           38.579           20.705           35.963           16.664           40.005           16.467           40.201     
 -13.432       -7.397           -6.035          -25.582           12.149          -25.354           11.922          -24.940           11.508     
  14.340      -11.153           25.493            0.687           13.653            2.535           11.805            2.832           11.508     
  22.275        0.801           21.475           -0.754           23.029           12.048           10.227           10.767           11.508     
  31.262       18.685           12.577           18.900           12.362           19.586           11.676           19.754           11.508     
 -32.505       -6.100          -26.405          -20.096          -12.409          -26.507           -5.998          -25.862           -6.642     
  -4.732       -9.855            5.123            6.173          -10.905            1.383           -6.115            1.910           -6.642     
   3.203        2.099            1.104            4.732           -1.529           10.896           -7.693            9.845           -6.642     
  12.189       19.983           -7.794           24.386          -12.196           18.433           -6.244           18.832           -6.642     
 -38.528       -7.826          -30.702          -23.030          -15.498          -28.183          -10.345          -27.483          -11.045     
 -10.755      -11.582            0.826            3.239          -13.995           -0.293          -10.462            0.290          -11.045     
  -2.820        0.372           -3.192            1.798           -4.618            9.220          -12.040            8.225          -11.045     
   6.166       18.256          -12.090           21.452          -15.286           16.757          -10.591           17.212          -11.045     
 -44.503       -8.840          -35.663          -26.989          -17.514          -29.470          -15.033          -28.709          -15.794     
 -16.730      -12.595           -4.135           -0.720          -16.010           -1.580          -15.150           -0.937          -15.794     
  -8.795       -0.642           -8.154           -2.162           -6.634            7.933          -16.728            6.998          -15.794     
   0.191       17.243          -17.051           17.492          -17.301           15.470          -15.279           15.985          -15.794     

Statistical Summary dH-+
                     allparams_bound                     gamma_bound                      simple_unbound                      zeta_bound             
Unsigned Error             0.000                             -0.000                            0.000                             -0.015               
RMSD                       11.531                            15.995                            17.081                            16.783               
CV                         12.093                            14.599                            15.608                            15.217               
AIC                       109.803                           118.891                           117.518                           120.814               
dAIC                       0.000                             9.089                             7.716                             11.011               
AICc                     116.264                           121.558                           118.224                           123.481               
dAICc                     0.000                             5.294                             1.960                             7.216                
