RESULTS

For the following solvents:
MeCN  
We considered all the salts that could be formed with the following cations and anions:
Cations: Li  Na  K  Rb  Cs  
Anions: Cl  Br  I  

dGs
                     allparams_bound                     gamma_bound                      simple_unbound                      zeta_bound             
Ref dGs        error            result           error            result           error            result           error            result        
   7.263        3.222            4.041            3.364            3.899            1.838            5.426            5.955            1.308     
   1.083        0.784            0.299            1.401           -0.319           -4.388            5.471            1.729           -0.646     
  -6.981       -3.078           -3.903           -3.169           -3.812          -12.390            5.408           -4.257           -2.724     
  10.756        0.772            9.984            0.029           10.728            5.330            5.427            0.959            9.797     
   6.294       -0.494            6.788           -0.725            7.019            0.818            5.476           -2.362            8.656     
   0.308       -1.466            1.775           -2.460            2.769           -5.099            5.407           -5.062            5.370     
  10.337       -0.997           11.334           -0.707           11.044            4.938            5.399            0.928            9.409     
   7.464       -0.519            7.983            0.272            7.192            2.017            5.447           -0.574            8.038     
   3.189       -0.138            3.326           -0.085            3.274           -2.193            5.381           -2.095            5.283     
   9.584       -1.482           11.067           -1.435           11.019            4.193            5.391            0.560            9.025     
   7.302       -0.453            7.755            0.099            7.203            1.862            5.439           -0.409            7.711     
   3.705        0.624            3.080            0.436            3.269           -1.669            5.374           -1.225            4.930     
   9.056       -0.609            9.665           -0.779            9.835            3.682            5.374            2.226            6.830     
   7.467        1.315            6.152            1.636            5.831            2.046            5.421            2.251            5.216     
   4.371        2.519            1.853            2.124            2.247           -0.986            5.357            1.378            2.993     

Statistical Summary dGs
                     allparams_bound                     gamma_bound                      simple_unbound                      zeta_bound             
Unsigned Error             -0.000                            -0.000                            -0.000                            -0.000               
RMSD                       1.549                             1.644                             4.524                             2.686                
CV                         1.918                             1.791                             4.022                             3.022                
AIC                        25.124                            22.914                            49.283                            37.637               
dAIC                       2.210                             0.000                             26.369                            14.723               
AICc                      35.624                            26.914                            50.283                            41.637               
dAICc                     8.710                             0.000                             23.369                            14.723               


dG-+
                     allparams_bound                     gamma_bound                      simple_unbound                      zeta_bound             
Ref dG-+       error            result           error            result           error            result           error            result        
  37.906       -5.706           43.613           -5.681           43.587           -6.010           43.916           -5.664           43.571     
  41.539       -0.897           42.436           -0.944           42.483           -0.673           42.212           -1.425           42.965     
  47.156        3.508           43.647            3.537           43.619            3.336           43.820            3.619           43.537     
  16.539       -2.977           19.517           -2.967           19.506           -2.833           19.372           -2.455           18.994     
  20.172        1.832           18.340            1.770           18.402            2.504           17.668            1.784           18.388     
  25.789        6.237           19.551            6.250           19.538            6.512           19.276            6.829           18.960     
   0.860       -3.149            4.010           -3.114            3.975           -3.569            4.429           -3.171            4.031     
   4.493        1.660            2.833            1.622            2.871            1.768            2.725            1.069            3.425     
  10.110        6.065            4.045            6.103            4.007            5.777            4.333            6.113            3.997     
  -4.374       -4.932            0.559           -4.905            0.531           -5.238            0.864           -4.835            0.461     
  -0.741       -0.123           -0.618           -0.168           -0.573            0.099           -0.840           -0.596           -0.145     
   4.876        4.282            0.593            4.313            0.563            4.108            0.768            4.449            0.427     
  -9.656       -6.609           -3.047           -6.590           -3.066           -6.821           -2.835           -6.413           -3.243     
  -6.023       -1.799           -4.224           -1.853           -4.170           -1.485           -4.538           -2.174           -3.849     
  -0.406        2.606           -3.012            2.627           -3.034            2.524           -2.931            2.870           -3.277     

Statistical Summary dG-+
                     allparams_bound                     gamma_bound                      simple_unbound                      zeta_bound             
Unsigned Error             -0.002                            0.000                             0.000                             0.000                
RMSD                       4.022                             4.022                             4.107                             4.076                
CV                         4.366                             4.282                             4.121                             4.398                
AIC                        53.753                            49.757                            46.383                            50.156               
dAIC                       7.370                             3.374                             0.000                             3.772                
AICc                      64.253                            53.757                            47.383                            54.156               
dAICc                     16.870                            6.374                             0.000                             6.772                
