RESULTS

For the following solvents:
MeCN  
We considered all the salts that could be formed with the following cations and anions:
Cations: Li  Na  K  Rb  Cs  
Anions: Cl  Br  I  

dHs
                     allparams_bound                     gamma_bound                      simple_unbound                      zeta_bound             
Ref dHs        error            result           error            result           error            result           error            result        
  -7.177        2.877          -10.055            2.779           -9.957           -4.221           -2.957            4.958          -12.136     
 -12.961        0.358          -13.318            0.345          -13.305           -8.247           -4.714           -1.410          -11.550     
 -20.449       -3.145          -17.305           -3.208          -17.241          -18.165           -2.284           -8.633          -11.817     
   2.984        1.228            1.756            1.385            1.599            5.980           -2.996            7.917           -4.934     
  -1.052       -0.048           -1.004            0.148           -1.200            3.861           -4.913            3.355           -4.408     
  -6.747       -1.008           -5.739           -0.794           -5.953           -4.501           -2.246           -2.161           -4.586     
   3.422       -0.652            4.074           -0.833            4.255            5.350           -1.928            3.566           -0.144     
   1.094       -0.077            1.171           -0.206            1.300            4.894           -3.800            0.695            0.399     
  -2.837        0.397           -3.234            0.256           -3.093           -1.599           -1.238           -3.019            0.182     
   2.971       -1.783            4.754           -1.862            4.832            4.587           -1.616            1.951            1.020     
   1.166       -0.720            1.887           -0.750            1.917            4.665           -3.499           -0.392            1.559     
  -1.542        0.993           -2.535            0.953           -2.494           -0.610           -0.932           -2.885            1.344     
   2.751       -1.449            4.200           -1.409            4.160            3.690           -0.939            0.392            2.359     
   1.790        0.643            1.147            0.748            1.042            4.553           -2.763           -1.129            2.919     
  -0.543        2.386           -2.928            2.449           -2.991           -0.237           -0.306           -3.206            2.663     

Statistical Summary dHs
                     allparams_bound                     gamma_bound                      simple_unbound                      zeta_bound             
Unsigned Error             -0.000                            -0.000                            -0.000                            -0.000               
RMSD                       1.512                             1.527                             6.426                             3.882                
CV                         1.882                             1.798                             5.718                             3.926                
AIC                        24.407                            20.704                            59.811                            48.688               
dAIC                       3.702                             0.000                             39.107                            27.983               
AICc                      34.907                            24.704                            60.811                            52.688               
dAICc                     10.202                            0.000                             36.107                            27.983               


dH-+
                     allparams_bound                     gamma_bound                      simple_unbound                      zeta_bound             
Ref dH-+       error            result           error            result           error            result           error            result        
  47.084       -6.092           53.176           -5.981           53.065           -6.370           53.454           -5.947           53.032     
  51.530       -0.288           51.818           -0.420           51.950            0.087           51.443           -0.834           52.363     
  58.246        5.029           53.216            5.151           53.095            4.905           53.341            5.252           52.994     
  19.216       -5.163           24.379           -5.184           24.400           -5.271           24.488           -4.809           24.025     
  23.662        0.641           23.021            0.377           23.284            1.185           22.477            0.305           23.357     
  30.378        5.958           24.419            5.949           24.429            6.003           24.375            6.390           23.988     
   2.366       -4.145            6.511           -4.019            6.385           -4.486            6.852           -3.999            6.365     
   6.812        1.660            5.152            1.542            5.269            1.970            4.842            1.115            5.697     
  13.528        6.977            6.551            7.113            6.414            6.789            6.739            7.200            6.328     
  -3.442       -5.774            2.333           -5.679            2.237           -6.086            2.644           -5.593            2.152     
   1.004        0.030            0.974           -0.118            1.121            0.370            0.634           -0.480            1.483     
   7.720        5.347            2.373            5.454            2.266            5.188            2.531            5.606            2.114     
  -9.058       -7.034           -2.024           -6.960           -2.098           -7.338           -1.720           -6.839           -2.219     
  -4.613       -1.230           -3.383           -1.399           -3.214           -0.882           -3.731           -1.725           -2.887     
   2.103        4.087           -1.984            4.172           -2.069            3.937           -1.833            4.360           -2.257     

Statistical Summary dH-+
                     allparams_bound                     gamma_bound                      simple_unbound                      zeta_bound             
Unsigned Error             0.003                             0.000                             -0.000                            0.000                
RMSD                       4.643                             4.646                             4.720                             4.680                
CV                         4.993                             4.898                             4.711                             4.932                
AIC                        58.058                            54.082                            50.554                            54.296               
dAIC                       7.503                             3.528                             0.000                             3.742                
AICc                      68.558                            58.082                            51.554                            58.296               
dAICc                     17.003                            6.528                             0.000                             6.742                
