RESULTS

For the following solvents:
water  MeOH  EtOH  1PrOH  DMSO  DMA  DMF  PC  ACE  BuOH  EG  FA  MeCN  
We considered all the salts that could be formed with the following cations and anions:
Cations: Li  Na  K  Rb  Cs  
Anions: F  

dGs
                     allparams_bound                     gamma_bound                      simple_unbound                      zeta_bound             
Ref dGs        error            result           error            result           error            result           error            result        
   3.779      -10.100           13.879          -10.786           14.564           -6.145            9.923          -10.875           14.654     
   0.673      -10.004           10.677           -9.438           10.111           -9.442           10.114           -8.786            9.459     
  -5.810       -8.583            2.773           -8.591            2.780          -13.696            7.885           -8.668            2.858     
 -10.829       -8.434           -2.396           -7.879           -2.950          -16.634            5.804           -9.013           -1.816     
   9.300       -2.271           11.571           -2.866           12.166            4.130            5.170           -3.385           12.685     
   7.150       -1.439            8.589           -0.962            8.111            1.596            5.553           -0.597            7.747     
   1.001       -0.580            1.581           -1.407            2.409           -3.108            4.110           -1.194            2.196     
  -3.946       -1.166           -2.780           -2.091           -1.855           -6.683            2.737           -2.414           -1.532     
  12.550        1.233           11.317            0.746           11.804            7.899            4.652            0.225           12.325     
  10.544        2.196            8.348            2.770            7.773            5.497            5.046            3.142            7.402     
   4.180        2.755            1.425            1.954            2.226            0.502            3.678            2.229            1.951     
  -0.672        2.186           -2.858            1.225           -1.897           -3.044            2.373            1.014           -1.686     
  10.614        0.960            9.654            1.766            8.848            9.423            1.191            1.367            9.247     
  10.328        3.609            6.719            5.449            4.879            8.712            1.616            5.964            4.364     
   4.204        3.880            0.324            3.915            0.289            3.495            0.709            4.674           -0.470     
  -1.484        1.994           -3.478            1.475           -2.959           -1.310           -0.174            2.058           -3.542     
  22.851        9.902           12.950            9.544           13.307           15.016            7.836            9.350           13.502     
  17.546        7.677            9.870            8.471            9.075            9.413            8.134            9.097            8.449     
   8.841        6.450            2.391            6.324            2.517            2.563            6.277            6.495            2.346     
   0.882        3.284           -2.402            3.413           -2.531           -3.644            4.526            2.769           -1.887     
   8.344       -3.055           11.398           -3.429           11.773            3.576            4.767           -3.913           12.257     
   4.760       -3.668            8.427           -2.978            7.738           -0.401            5.160           -2.572            7.332     
  -1.652       -3.141            1.489           -3.813            2.162           -5.430            3.778           -3.513            1.862     
   7.364       -3.583           10.947           -3.563           10.927            3.575            3.789           -4.006           11.369     
   4.736       -3.260            7.996           -2.193            6.929            0.536            4.199           -1.732            6.468     
  -0.863       -2.081            1.219           -2.508            1.645           -3.821            2.958           -2.049            1.187     
  -6.288       -3.353           -2.936           -4.045           -2.243           -8.054            1.766           -3.990           -2.298     
  21.824        7.179           14.645            6.294           15.530           10.102           11.721            6.325           15.498     
  14.750        3.445           11.305            3.923           10.827            2.958           11.792            4.608           10.142     
   6.977        3.974            3.002            4.205            2.771           -2.237            9.213            3.904            3.073     
   1.479        3.994           -2.515            5.072           -3.592           -5.347            6.827            3.488           -2.009     

Statistical Summary dGs
                     allparams_bound                     gamma_bound                      simple_unbound                      zeta_bound             
Unsigned Error             -0.000                            0.000                             0.000                             0.000                
RMSD                       5.028                             5.108                             7.092                             5.182                
CV                         5.075                             5.097                             6.167                             4.980                
AIC                       112.132                           109.112                           125.455                           110.002               
dAIC                       3.020                             0.000                             16.343                            0.891                
AICc                     115.632                           110.650                           125.883                           111.541               
dAICc                     4.982                             0.000                             15.233                            0.891                


dG-+
                     allparams_bound                     gamma_bound                      simple_unbound                      zeta_bound             
Ref dG-+       error            result           error            result           error            result           error            result        
   4.780       -3.741            8.521           -2.966            7.746           -3.129            7.909           -3.837            8.617     
 -20.555       -5.202          -15.352           -4.697          -15.857           -2.281          -18.273           -2.853          -17.701     
 -37.524       -4.975          -32.548           -4.575          -32.949           -3.157          -34.367           -3.646          -33.878     
 -43.021       -7.439          -35.582           -7.241          -35.780           -4.796          -38.225           -5.264          -37.757     
 -48.518      -10.086          -38.432          -10.257          -38.261           -6.253          -42.265           -6.701          -41.817     
   8.867       -1.201           10.068           -1.297           10.164           -3.269           12.136           -3.195           12.062     
 -17.424       -2.986          -14.437           -3.249          -14.175           -3.270          -14.153           -3.060          -14.363     
 -34.728       -0.518          -34.210           -0.462          -34.266           -4.046          -30.681           -3.751          -30.977     
 -40.512       -2.420          -38.092           -2.426          -38.086           -5.829          -34.682           -5.513          -34.999     
 -45.794       -3.377          -42.416           -3.510          -42.283           -6.823          -38.970           -6.485          -39.309     
   8.628       -1.919           10.547           -2.105           10.733           -3.916           12.544           -3.783           12.411     
 -17.806       -3.810          -13.996           -4.157          -13.649           -4.054          -13.752           -3.785          -14.021     
 -34.895       -0.881          -34.014           -0.869          -34.026           -4.574          -30.321           -4.219          -30.676     
 -40.679       -2.704          -37.974           -2.742          -37.937           -6.343          -34.335           -5.968          -34.711     
 -46.056       -3.613          -42.443           -3.754          -42.303           -7.409          -38.648           -7.011          -39.046     
  22.323        5.859           16.464            5.112           17.211            7.302           15.021            7.706           14.618     
  -5.832        2.345           -8.177            1.454           -7.285            5.459          -11.291            5.999          -11.831     
 -23.160        6.551          -29.711            6.268          -29.428            4.956          -28.116            5.583          -28.743     
 -28.394        5.743          -34.137            5.488          -33.881            3.815          -32.209            4.463          -32.857     
 -33.485        6.039          -39.523            5.831          -39.315            3.191          -36.675            3.862          -37.347     
  12.476        1.549           10.927            2.000           10.476            2.815            9.661            2.399           10.077     
 -10.660        2.637          -13.297            2.876          -13.535            5.922          -16.581            5.641          -16.300     
 -25.406        6.309          -31.715            6.643          -32.050            7.475          -32.881            7.278          -32.685     
 -29.398        5.755          -35.153            5.953          -35.351            7.409          -36.807            7.233          -36.631     
 -33.461        5.219          -38.680            5.160          -38.621            7.500          -40.961            7.346          -40.806     
   7.768       -3.409           11.177           -3.556           11.324           -4.631           12.398           -4.538           12.306     
 -17.089       -3.729          -13.360           -4.038          -13.051           -3.193          -13.896           -2.964          -14.125     
 -34.130       -0.798          -33.333           -0.754          -33.376           -3.672          -30.458           -3.358          -30.772     
  13.145        0.053           13.093           -0.241           13.387            0.052           13.093            0.219           12.927     
 -12.667       -1.166          -11.502           -1.612          -11.056            0.544          -13.211            0.846          -13.514     
 -30.521        1.416          -31.937            1.398          -31.919           -0.670          -29.851           -0.282          -30.239     
 -35.851        0.176          -36.027            0.129          -35.980           -1.964          -33.887           -1.554          -34.297     
 -41.109       -0.371          -40.738           -0.481          -40.628           -2.869          -38.240           -2.437          -38.672     
   9.202        2.671            6.530            3.713            5.489            2.855            6.347            1.870            7.332     
 -12.165        4.783          -16.949            5.489          -17.654            7.604          -19.770            6.754          -18.919     
 -27.844        5.153          -32.997            5.565          -33.409            7.826          -35.670            7.058          -34.902     
 -33.078        2.569          -35.647            2.716          -35.794            6.385          -39.464            5.637          -38.715     
 -38.360       -0.481          -37.879           -0.805          -37.556            5.039          -43.399            4.311          -42.671     

Statistical Summary dG-+
                     allparams_bound                     gamma_bound                      simple_unbound                      zeta_bound             
Unsigned Error             -0.000                            -0.000                            0.000                             -0.000               
RMSD                       4.120                             4.141                             4.992                             4.876                
CV                         4.187                             3.934                             4.694                             4.730                
AIC                       119.599                           115.988                           126.194                           128.405               
dAIC                       3.610                             0.000                             10.206                            12.417               
AICc                     122.308                           117.200                           126.537                           129.617               
dAICc                     5.108                             0.000                             9.336                             12.417               
