RESULTS

For the following solvents:
water  MeOH  EtOH  1PrOH  DMSO  DMA  DMF  PC  ACE  BuOH  EG  FA  MeCN  
We considered all the salts that could be formed with the following cations and anions:
Cations: Li  Na  K  Rb  Cs  
Anions: F  

dHs
                     allparams_bound                     gamma_bound                      simple_unbound                      zeta_bound             
Ref dHs        error            result           error            result           error            result           error            result        
   1.159       -3.427            4.586           -1.949            3.108           -0.267            1.426           -3.553            4.712     
   0.214        0.770           -0.556            3.928           -3.714           -1.427            1.641            1.120           -0.906     
  -4.240       -0.064           -4.176            1.671           -5.911           -3.373           -0.867            0.119           -4.359     
  -6.236       -1.348           -4.888            0.210           -6.445           -4.648           -1.588           -1.049           -5.187     
  -8.941       -3.325           -5.616           -2.501           -6.440           -5.732           -3.209           -2.887           -6.054     
   0.394       -1.376            1.770           -1.845            2.240            4.317           -3.923           -1.178            1.572     
  -1.554        1.911           -3.465            3.159           -4.713            1.937           -3.491            2.515           -4.069     
  -5.554        1.908           -7.463            1.888           -7.442           -0.439           -5.116            2.061           -7.615     
  -7.096        1.203           -8.299            1.055           -8.151           -1.551           -5.546            1.378           -8.474     
  -9.395       -0.153           -9.242           -0.946           -8.450           -2.734           -6.661           -0.001           -9.394     
  -3.549       -3.697            0.148           -5.504            1.955            4.851           -8.400           -4.004            0.455     
  -6.573       -1.467           -5.106           -1.547           -5.026            1.349           -7.922           -1.383           -5.191     
 -12.964       -3.601           -9.362           -4.845           -8.119           -4.021           -8.942           -4.163           -8.801     
 -14.744       -4.466          -10.278           -5.804           -8.940           -5.559           -9.185           -5.065           -9.679     
 -16.900       -5.523          -11.377           -7.442           -9.458           -6.964           -9.937           -6.262          -10.638     
   5.390        4.151            1.239            3.245            2.144           10.867           -5.477            4.102            1.287     
   2.365        6.374           -4.009            7.192           -4.827            7.380           -5.015            6.722           -4.357     
  -2.615        5.489           -8.104            5.078           -7.693            3.797           -6.412            5.313           -7.927     
  -4.802        4.169           -8.970            3.643           -8.444            1.969           -6.771            3.992           -8.793     
  -7.507        2.463           -9.971            1.316           -8.823            0.246           -7.753            2.220           -9.727     

Statistical Summary dHs
                     allparams_bound                     gamma_bound                      simple_unbound                      zeta_bound             
Unsigned Error             -0.009                            0.000                             0.000                             -0.003               
RMSD                       3.366                             3.844                             4.540                             3.524                
CV                         3.511                             3.807                             4.043                             3.564                
AIC                        60.545                            61.862                            64.517                            58.389               
dAIC                       2.155                             3.473                             6.128                             0.000                
AICc                      67.006                            64.529                            65.223                            61.056               
dAICc                     5.950                             3.473                             4.167                             0.000                


dH-+
                     allparams_bound                     gamma_bound                      simple_unbound                      zeta_bound             
Ref dH-+       error            result           error            result           error            result           error            result        
   5.019        1.345            3.674            0.464            4.555           -2.453            7.472            0.100            4.919     
 -22.467        1.948          -24.414            1.308          -23.774           -0.424          -22.042            1.893          -24.359     
 -42.065        0.804          -42.870            0.083          -42.148           -1.881          -40.184            0.290          -42.355     
 -48.279       -1.276          -47.003           -1.951          -46.328           -3.746          -44.533           -1.610          -46.670     
 -54.254       -2.855          -51.400           -3.485          -50.769           -5.168          -49.086           -3.068          -51.187     
  13.289        0.356           12.933            1.579           11.709            1.052           12.236            1.064           12.224     
 -13.193        2.192          -15.385            3.629          -16.823            4.205          -17.398            3.979          -17.173     
 -33.246        1.533          -34.778            2.777          -36.023            2.783          -36.029            2.409          -35.654     
 -39.914       -0.693          -39.221            0.561          -40.475            0.625          -40.539            0.215          -40.129     
 -46.295       -2.142          -44.154           -0.907          -45.389           -0.923          -45.373           -1.372          -44.923     
  12.452       -2.788           15.240           -4.192           16.645           -3.037           15.489           -4.105           16.557     
 -12.954        0.173          -13.127           -1.023          -11.931            1.217          -14.171           -0.089          -12.865     
 -30.617        2.545          -33.162            1.079          -31.696            2.520          -33.136            1.062          -31.679     
 -37.046        0.757          -37.803           -0.723          -36.323            0.704          -37.750           -0.790          -36.256     
 -43.571       -0.449          -43.122           -1.993          -41.577           -0.785          -42.786           -2.320          -41.251     
  11.974       -2.201           14.175           -1.379           13.353           -1.341           13.315           -1.633           13.607     
 -13.432        0.744          -14.176            1.775          -15.207            2.904          -16.336            2.375          -15.807     
 -32.505        1.305          -33.810            2.115          -34.620            2.588          -35.093            1.909          -34.413     
 -38.528       -0.199          -38.329            0.611          -39.139            1.115          -39.642            0.399          -38.927     
 -44.503       -1.101          -43.402           -0.326          -44.177            0.047          -44.549           -0.708          -43.795     

Statistical Summary dH-+
                     allparams_bound                     gamma_bound                      simple_unbound                      zeta_bound             
Unsigned Error             -0.000                            -0.000                            0.000                             -0.000               
RMSD                       1.609                             1.958                             2.394                             1.962                
CV                         1.811                             1.950                             2.209                             1.861                
AIC                        31.026                            34.881                            38.912                            34.956               
dAIC                       0.000                             3.855                             7.886                             3.929                
AICc                      37.488                            37.548                            39.618                            37.622               
dAICc                     0.000                             0.060                             2.131                             0.135                
