RESULTS

For the following solvents:
water  MeOH  EtOH  1PrOH  DMSO  DMA  DMF  PC  ACE  BuOH  EG  FA  MeCN  
We considered all the salts that could be formed with the following cations and anions:
Cations: K  
Anions: Cl  Br  I  

dGs
                     allparams_bound                     gamma_bound                      simple_unbound                      zeta_bound             
Ref dGs        error            result           error            result           error            result           error            result        
  -1.279       -8.135            6.856           -8.111            6.832           -6.005            4.726           -6.256            4.978     
  -1.570       -6.044            4.474           -6.035            4.465           -6.799            5.229           -5.381            3.810     
  -2.380       -4.248            1.868           -4.225            1.845           -6.925            4.545           -5.520            3.140     
   3.884       -2.537            6.421           -2.533            6.416           -0.440            4.324           -1.700            5.584     
   3.090       -1.351            4.441           -1.361            4.451           -1.788            4.878           -2.559            5.649     
   1.372       -0.042            1.414           -0.039            1.411           -2.768            4.140           -2.318            3.690     
   7.254        0.844            6.409            0.847            6.407            2.976            4.278            1.713            5.541     
   6.652        2.189            4.462            2.178            4.474            1.815            4.837            0.945            5.707     
   4.647        3.245            1.402            3.246            1.400            0.553            4.094            1.002            3.645     
   8.999        2.836            6.163            2.837            6.161            4.728            4.270            3.316            5.682     
   7.751        3.492            4.259            3.479            4.272            2.917            4.834            1.769            5.982     
   6.224        5.069            1.155            5.069            1.155            2.138            4.086            2.439            3.786     
   5.103       -1.152            6.254           -1.164            6.267            1.322            3.781            0.615            4.488     
   1.322       -3.290            4.612           -3.318            4.639           -3.057            4.378           -4.267            5.588     
  -1.926       -3.176            1.250           -3.190            1.264           -5.523            3.597           -4.526            2.600     
   9.046        2.379            6.668            2.371            6.676            5.158            3.888            4.443            4.603     
   6.150        1.242            4.908            1.220            4.930            1.679            4.471            0.807            5.342     
  -0.157       -1.818            1.661           -1.827            1.670           -3.861            3.704           -2.865            2.708     
   8.090        1.334            6.756            1.329            6.761            4.130            3.960            3.349            4.742     
   4.907       -0.037            4.944           -0.057            4.964            0.371            4.536           -0.416            5.323     
   0.321       -1.428            1.748           -1.434            1.755           -3.455            3.776           -2.524            2.845     
   9.500        2.394            7.107            2.411            7.090            4.946            4.555            4.428            5.072     
   6.867        2.028            4.839            2.031            4.836            1.795            5.072            2.613            4.254     
   2.161        0.050            2.111            0.066            2.095           -2.211            4.372           -1.050            3.211     
  13.301        4.543            8.757            4.551            8.750            9.250            4.050            9.693            3.608     
   9.424        2.878            6.546            2.871            6.553            4.849            4.575            6.461            2.963     
   4.551        0.795            3.756            0.802            3.750            0.684            3.867            2.822            1.729     
  10.433        4.248            6.184            4.249            6.183            6.167            4.266            4.769            5.663     
   8.946        4.666            4.280            4.653            4.293            4.116            4.830            2.985            5.961     
   7.658        6.481            1.177            6.482            1.177            3.577            4.082            3.892            3.767     
   1.111       -5.459            6.570           -5.455            6.566           -3.177            4.289           -4.339            5.450     
   0.390       -4.201            4.591           -4.212            4.601           -4.453            4.843           -5.128            5.517     
  -0.970       -2.534            1.564           -2.531            1.561           -5.074            4.104           -4.526            3.556     
   0.968       -5.782            6.750           -5.780            6.748           -3.233            4.201           -4.255            5.223     
  -0.041       -4.840            4.799           -4.852            4.811           -4.799            4.759           -5.419            5.378     
  -1.663       -3.405            1.742           -3.405            1.742           -5.679            4.016           -4.990            3.327     
  10.337        3.775            6.562            3.804            6.533            5.469            4.868            5.572            4.765     
   7.464        3.382            4.082            3.397            4.067            2.106            5.359            4.169            3.295     
   3.189        1.606            1.582            1.635            1.554           -1.499            4.688            0.236            2.953     

Statistical Summary dGs
                     allparams_bound                     gamma_bound                      simple_unbound                      zeta_bound             
Unsigned Error             -0.000                            -0.000                            -0.000                            0.000                
RMSD                       3.578                             3.578                             4.151                             4.013                
CV                         3.465                             3.310                             3.831                             3.912                
AIC                       111.440                           107.441                           115.028                           116.390               
dAIC                       3.999                             0.000                             7.588                             8.949                
AICc                     114.065                           108.617                           115.362                           117.566               
dAICc                     5.448                             0.000                             6.745                             8.949                


dG-+
                     allparams_bound                     gamma_bound                      simple_unbound                      zeta_bound             
Ref dG-+       error            result           error            result           error            result           error            result        
  -7.648       -9.818            2.169          -10.468            2.820           -9.173            1.525           -8.361            0.713     
  -1.434       -2.516            1.082            0.812           -2.246           -1.589            0.155           -2.147            0.713     
   7.648        5.455            2.193            4.800            2.848            6.207            1.441            6.935            0.713     
  -6.501       -8.080            1.579           -9.582            3.081          -10.935            4.434          -10.388            3.887     
  -0.789       -1.792            1.003           -3.370            2.581           -4.060            3.271           -4.676            3.887     
   7.385        5.806            1.580            4.485            2.900            3.044            4.341            3.498            3.887     
  -6.477       -8.520            2.043           -9.785            3.308          -11.196            4.719          -10.694            4.217     
  -0.574       -2.083            1.509           -3.757            3.183           -4.146            3.572           -4.790            4.217     
   7.314        5.271            2.043            4.192            3.121            2.689            4.625            3.097            4.217     
  -5.497       -7.604            2.107           -8.614            3.117          -10.330            4.833           -9.816            4.319     
  -0.239       -1.867            1.628           -3.724            3.485           -3.948            3.709           -4.558            4.319     
   8.126        6.020            2.106            5.201            2.926            3.388            4.739            3.807            4.319     
   4.565       -7.841           12.406           -3.593            8.158           -2.954            7.519           -3.018            7.583     
   7.290       -4.970           12.260           -4.204           11.494            0.760            6.530           -0.293            7.583     
  13.934        1.525           12.409            5.933            8.001            6.507            7.427            6.351            7.583     
   8.270       -1.304            9.574            0.951            7.318            1.405            6.864            1.449            6.821     
  11.879        2.601            9.278            2.563            9.316            6.065            5.814            5.058            6.821     
  15.464        5.890            9.574            8.331            7.133            8.693            6.770            8.643            6.821     
   6.071       -1.716            7.787           -0.459            6.530           -0.384            6.455           -0.261            6.332     
   9.393        1.968            7.425            1.451            7.942            4.015            5.378            3.061            6.332     
  14.699        6.912            7.787            8.361            6.337            8.338            6.361            8.367            6.332     
   0.598       -0.159            0.757           -2.124            2.721           -2.099            2.696           -1.421            2.019     
   4.469        4.655           -0.186            5.521           -1.052            3.085            1.385            2.451            2.019     
   9.656        8.885            0.771            6.996            2.660            7.048            2.608            7.637            2.019     
   5.019       -1.041            6.061           -2.189            7.208           -0.341            5.361           -0.290            5.309     
   7.648        2.458            5.190            3.570            4.078            3.570            4.078            2.339            5.309     
  12.667        6.600            6.068            5.582            7.085            7.398            5.270            7.358            5.309     
  -5.497       -7.655            2.158           -8.659            3.162          -10.350            4.852           -9.842            4.345     
  -0.478       -2.156            1.678           -4.001            3.523           -4.206            3.728           -4.823            4.345     
   8.126        5.969            2.157            5.156            2.970            3.368            4.758            3.781            4.345     
  -6.023       -7.964            1.941           -9.413            3.390          -10.633            4.610          -10.134            4.111     
  -0.239       -1.605            1.366           -3.137            2.898           -3.686            3.447           -4.350            4.111     
   8.294        6.352            1.942            5.085            3.209            3.777            4.516            4.183            4.111     
  -3.346       -6.426            3.080           -7.482            4.136           -8.433            5.087           -8.040            4.694     
   2.151       -0.390            2.542           -1.819            3.970           -1.788            3.939           -2.543            4.694     
  10.421        7.341            3.080            6.472            3.948            5.427            4.993            5.727            4.694     
   0.860       -4.084            4.944           -2.676            3.536            0.361            0.499            1.268           -0.407     
   4.493        0.762            3.732            7.142           -2.649            5.415           -0.922            4.901           -0.407     
  10.110        5.131            4.979            6.451            3.659            9.691            0.419           10.517           -0.407     

Statistical Summary dG-+
                     allparams_bound                     gamma_bound                      simple_unbound                      zeta_bound             
Unsigned Error             0.003                             -0.000                            0.000                             -0.015               
RMSD                       5.356                             5.750                             6.079                             6.022                
CV                         5.120                             5.644                             5.413                             5.430                
AIC                       142.896                           144.439                           144.777                           148.040               
dAIC                       0.000                             1.542                             1.881                             5.144                
AICc                     145.521                           145.615                           145.111                           149.217               
dAICc                     0.411                             0.504                             0.000                             4.106                
