RESULTS

For the following solvents:
water  MeOH  EtOH  1PrOH  DMSO  DMA  DMF  PC  ACE  BuOH  EG  FA  MeCN  
We considered all the salts that could be formed with the following cations and anions:
Cations: K  
Anions: Cl  Br  I  

dHs
                     allparams_bound                     gamma_bound                      simple_unbound                      zeta_bound             
Ref dHs        error            result           error            result           error            result           error            result        
   4.115        0.026            4.089            0.494            3.621            2.719            1.396           -0.016            4.131     
   4.751        2.179            2.572            1.426            3.324            1.233            3.518            3.248            1.503     
   4.859        4.571            0.288            4.954           -0.095            4.231            0.628            3.671            1.188     
   0.936       -1.904            2.840           -0.374            1.310            1.238           -0.302           -1.341            2.278     
   0.975       -0.651            1.625           -0.488            1.462           -1.063            2.038           -0.736            1.711     
  -0.232        0.742           -0.974            2.195           -2.427            0.847           -1.079            0.527           -0.759     
   1.868       -0.657            2.525            0.793            1.075            2.365           -0.496           -0.040            1.908     
   1.357        0.022            1.335            0.093            1.264           -0.504            1.861           -0.153            1.510     
   0.079        1.369           -1.290            2.741           -2.662            1.353           -1.274            1.211           -1.132     
   1.486       -1.084            2.570            0.604            0.882            2.015           -0.530           -0.567            2.052     
   1.787        0.375            1.413            0.668            1.119           -0.064            1.851           -0.090            1.877     
  -0.375        0.870           -1.245            2.481           -2.856            0.932           -1.308            0.614           -0.989     
   0.171        2.544           -2.372            1.596           -1.425            2.767           -2.595            3.064           -2.893     
  -2.849        0.484           -3.333           -1.954           -0.895           -2.776           -0.074           -1.121           -1.728     
  -6.470       -0.285           -6.185           -1.311           -5.159           -3.098           -3.372           -0.551           -5.919     
   2.060        3.341           -1.281            2.714           -0.654            4.201           -2.142            4.071           -2.011     
  -1.702        0.629           -2.331           -1.446           -0.256           -2.019            0.316           -0.251           -1.451     
  -5.872       -0.776           -5.096           -1.481           -4.391           -2.953           -2.920           -0.822           -5.050     
  -0.856       -0.336           -0.520           -0.601           -0.256            0.983           -1.839            0.481           -1.338     
  -4.021       -2.412           -1.609           -4.106            0.085           -4.611            0.591           -2.979           -1.042     
  -8.047       -3.712           -4.336           -4.054           -3.993           -5.430           -2.618           -3.667           -4.380     
   4.999        1.295            3.704            2.102            2.897            4.329            0.670            1.890            3.110     
   3.006        0.733            2.273            0.279            2.728            0.152            2.854            1.941            1.065     
  -0.901       -0.799           -0.102           -0.074           -0.828           -0.799           -0.102           -1.027            0.126     
  -0.665       -2.448            1.783           -1.573            0.908            0.159           -0.824           -1.610            0.945     
   0.497       -0.094            0.590           -0.596            1.093           -1.035            1.531           -0.032            0.529     
  -1.164        0.868           -2.032            1.665           -2.829            0.438           -1.602            0.931           -2.095     
   3.422       -0.563            3.985           -0.758            4.180            1.427            1.995           -1.364            4.786     
   1.094       -1.300            2.394           -2.679            3.773           -2.970            4.064           -0.559            1.653     
  -2.837       -3.028            0.191           -3.311            0.474           -4.069            1.232           -4.723            1.886     

Statistical Summary dHs
                     allparams_bound                     gamma_bound                      simple_unbound                      zeta_bound             
Unsigned Error             0.000                             -0.000                            -0.000                            -0.000               
RMSD                       1.771                             2.076                             2.569                             1.966                
CV                         1.624                             1.873                             2.253                             1.681                
AIC                        46.281                            51.836                            60.615                            48.569               
dAIC                       0.000                             5.555                             14.335                            2.289                
AICc                      49.933                            53.436                            61.060                            50.169               
dAICc                     0.000                             3.503                             11.127                            0.237                


dH-+
                     allparams_bound                     gamma_bound                      simple_unbound                      zeta_bound             
Ref dH-+       error            result           error            result           error            result           error            result        
  -7.887      -13.455            5.568          -13.759            5.872          -13.127            5.240          -12.492            4.605     
  -0.478       -4.372            3.894           -2.918            2.440           -4.336            3.858           -5.083            4.605     
  10.277        4.676            5.601            4.338            5.939            5.123            5.155            5.672            4.605     
  -0.932       -7.366            6.434           -8.514            7.582           -9.105            8.173           -8.582            7.650     
   5.880        0.443            5.437           -0.489            6.369           -1.120            7.000           -1.770            7.650     
  15.320        8.884            6.436            7.773            7.548            7.242            8.079            7.671            7.650     
  -0.765       -7.566            6.801           -8.607            7.842           -9.224            8.459           -8.731            7.966     
   5.497       -0.363            5.860           -1.314            6.811           -1.806            7.304           -2.469            7.966     
  14.866        8.064            6.802            7.061            7.805            6.501            8.365            6.900            7.966     
  -1.769       -8.629            6.861           -9.584            7.816          -10.343            8.575           -9.832            8.064     
   5.306       -0.686            5.992           -1.718            7.024           -2.135            7.441           -2.758            8.064     
  13.791        6.930            6.861            6.014            7.776            5.311            8.480            5.727            8.064     
   5.617       -7.962           13.578           -5.996           11.612           -5.667           11.284           -5.578           11.195     
   9.369       -3.781           13.150           -2.894           12.263           -0.917           10.286           -1.825           11.195     
  16.396        2.812           13.584            4.806           11.590            5.205           11.190            5.201           11.195     
  11.185       -0.627           11.813            0.317           10.868            0.562           10.623            0.722           10.463     
  14.197        3.011           11.186            3.329           10.868            4.633            9.564            3.734           10.463     
  20.674        8.860           11.814            9.842           10.832           10.145           10.529           10.211           10.463     
   7.314       -3.365           10.678           -2.967           10.280           -2.897           10.211           -2.681            9.994     
  10.923        0.957            9.965            0.926            9.996            1.798            9.125            0.928            9.994     
  17.543        6.864           10.679            7.302           10.241            7.427           10.116            7.549            9.994     
   3.752       -1.556            5.308           -2.715            6.467           -2.668            6.420           -2.105            5.858     
   8.533        4.707            3.826            4.869            3.664            3.435            5.098            2.675            5.858     
  15.272        9.944            5.328            8.781            6.491            8.941            6.331            9.415            5.858     
  -4.732      -12.279            7.547          -13.159            8.427          -13.564            8.831          -13.156            8.424     
   3.203       -3.397            6.599           -4.174            7.376           -4.471            7.674           -5.221            8.423     
  12.189        4.642            7.548            3.800            8.390            3.453            8.737            3.766            8.424     
   2.366       -4.262            6.628           -3.273            5.640           -1.839            4.205           -1.165            3.531     
   6.812        2.024            4.787            5.147            1.665            4.040            2.772            3.281            3.531     
  13.528        6.853            6.675            7.775            5.753            9.404            4.124            9.997            3.531     

Statistical Summary dH-+
                     allparams_bound                     gamma_bound                      simple_unbound                      zeta_bound             
Unsigned Error             0.006                             0.000                             -0.000                            0.000                
RMSD                       6.351                             6.470                             6.580                             6.554                
CV                         6.138                             6.219                             5.938                             6.045                
AIC                       122.921                           120.029                           117.039                           120.807               
dAIC                       5.882                             2.990                             0.000                             3.768                
AICc                     126.573                           121.629                           117.483                           122.407               
dAICc                     9.090                             4.146                             0.000                             4.924                
