RESULTS

For the following solvents:
water  
We considered all the salts that could be formed with the following cations and anions:
Cations: Li  Na  K  Rb  Cs  
Anions: Cl  Br  I  

dGs
                     allparams_bound                     gamma_bound                      simple_unbound                      zeta_bound             
Ref dGs        error            result           error            result           error            result           error            result        
  -9.610        2.744          -12.355            2.341          -11.952           -4.814           -4.796            2.986          -12.596     
 -13.210        0.258          -13.468           -0.380          -12.830           -6.592           -6.618           -0.971          -12.239     
 -17.808       -3.052          -14.756           -3.053          -14.756          -13.694           -4.114           -5.480          -12.328     
  -2.150        1.018           -3.168            1.683           -3.833            2.737           -4.886            4.368           -6.517     
  -4.031       -0.121           -3.910            0.438           -4.469            2.838           -6.870            2.179           -6.210     
  -6.551       -0.801           -5.750            0.203           -6.754           -2.425           -4.126           -0.326           -6.225     
  -1.279       -0.445           -0.834           -0.456           -0.823            2.675           -3.954            1.196           -2.474     
  -1.570        0.111           -1.681           -0.043           -1.527            4.321           -5.892            0.582           -2.153     
  -2.380        0.898           -3.278            1.274           -3.654            0.873           -3.253           -0.180           -2.200     
  -1.769       -1.592           -0.177           -1.698           -0.070            1.919           -3.688           -0.277           -1.492     
  -1.470       -0.472           -0.998           -0.712           -0.758            4.167           -5.636           -0.296           -1.174     
  -1.601        1.006           -2.607            1.292           -2.893            1.391           -2.993           -0.382           -1.220     
  -2.082       -1.726           -0.356           -2.255            0.173            1.001           -3.083           -1.720           -0.362     
  -1.090        0.224           -1.314           -0.486           -0.604            3.882           -4.972           -1.064           -0.025     
  -0.719        1.949           -2.668            1.852           -2.572            1.720           -2.439           -0.614           -0.106     

Statistical Summary dGs
                     allparams_bound                     gamma_bound                      simple_unbound                      zeta_bound             
Unsigned Error             -0.000                            0.000                             -0.000                            -0.000               
RMSD                       1.419                             1.498                             4.790                             2.166                
CV                         1.849                             1.767                             4.223                             1.974                
AIC                        22.505                            20.123                            50.997                            31.192               
dAIC                       2.382                             0.000                             30.875                            11.070               
AICc                      33.005                            24.123                            51.997                            35.192               
dAICc                     8.882                             0.000                             27.875                            11.070               


dG-+
                     allparams_bound                     gamma_bound                      simple_unbound                      zeta_bound             
Ref dG-+       error            result           error            result           error            result           error            result        
  34.656       -8.309           42.965           -8.215           42.871           -8.580           43.236           -8.229           42.885     
  40.870       -0.426           41.296           -0.548           41.418           -0.535           41.405           -1.288           42.158     
  49.952        6.950           43.003            7.051           42.902            6.829           43.123            7.112           42.840     
   9.321       -6.923           16.244           -6.935           16.256           -6.495           15.817           -6.113           15.434     
  15.535        0.961           14.575            0.733           14.803            1.549           13.986            0.828           14.707     
  24.618        8.336           16.282            8.331           16.286            8.913           15.704            9.228           15.390     
  -7.648       -6.296           -1.352           -6.174           -1.474           -6.611           -1.037           -6.210           -1.438     
  -1.434        1.588           -3.022            1.493           -2.927            1.433           -2.867            0.731           -2.165     
   7.648        8.963           -1.315            9.092           -1.444            8.798           -1.149            9.131           -1.483     
 -13.145       -7.863           -5.282           -7.772           -5.373           -8.068           -5.077           -7.662           -5.484     
  -6.931        0.021           -6.952           -0.105           -6.826           -0.023           -6.908           -0.721           -6.211     
   2.151        7.396           -5.245            7.494           -5.343            7.341           -5.190            7.679           -5.528     
 -18.642       -9.181           -9.462           -9.126           -9.517           -9.335           -9.308           -8.924           -9.719     
 -12.428       -1.297          -11.131           -1.458          -10.970           -1.290          -11.138           -1.983          -10.446     
  -3.346        6.078           -9.424            6.140           -9.486            6.074           -9.420            6.417           -9.763     

Statistical Summary dG-+
                     allparams_bound                     gamma_bound                      simple_unbound                      zeta_bound             
Unsigned Error             -0.004                            0.000                             -0.000                            -0.000               
RMSD                       6.313                             6.315                             6.390                             6.370                
CV                         6.791                             6.655                             6.349                             6.697                
AIC                        67.278                            63.289                            59.640                            63.546               
dAIC                       7.638                             3.649                             0.000                             3.906                
AICc                      77.778                            67.289                            60.640                            67.546               
dAICc                     17.138                            6.649                             0.000                             6.906                
