RESULTS

For the following solvents:
water  
We considered all the salts that could be formed with the following cations and anions:
Cations: Li  Na  K  Rb  Cs  
Anions: Cl  Br  I  

dHs
                     allparams_bound                     gamma_bound                      simple_unbound                      zeta_bound             
Ref dHs        error            result           error            result           error            result           error            result        
  -8.850        2.670          -11.520            2.411          -11.262           -9.000            0.150            2.219          -11.069     
 -11.670        0.145          -11.816           -0.415          -11.256           -8.267           -3.403           -0.096          -11.574     
 -15.120       -2.910          -12.209           -3.041          -12.079          -16.600            1.481           -2.883          -12.236     
   0.928        0.959           -0.031            1.681           -0.753            0.954           -0.026            1.252           -0.324     
  -0.144       -0.029           -0.115            0.512           -0.657            3.749           -3.893            0.454           -0.598     
  -1.800       -0.977           -0.822           -0.186           -1.614           -3.257            1.458           -0.197           -1.603     
   4.115       -0.396            4.511           -0.292            4.407            2.322            1.792           -0.753            4.868     
   4.751        0.385            4.366            0.273            4.478            6.737           -1.986            0.222            4.529     
   4.859        1.062            3.797            1.279            3.580            1.700            3.159            1.184            3.675     
   4.070       -1.693            5.763           -1.682            5.753            1.758            2.312           -1.981            6.052     
   5.229       -0.404            5.634           -0.601            5.830            6.718           -1.488           -0.499            5.728     
   6.561        1.503            5.058            1.632            4.929            2.894            3.667            1.694            4.867     
   4.209       -2.290            6.499           -2.679            6.888            0.718            3.491           -2.616            6.825     
   6.212       -0.080            6.292           -0.720            6.931            6.405           -0.193           -0.204            6.416     
   7.918        2.057            5.861            1.826            6.093            3.172            4.746            2.205            5.713     

Statistical Summary dHs
                     allparams_bound                     gamma_bound                      simple_unbound                      zeta_bound             
Unsigned Error             0.000                             0.000                             0.000                             -0.000               
RMSD                       1.499                             1.571                             6.389                             1.546                
CV                         1.762                             1.804                             5.710                             1.732                
AIC                        24.141                            21.557                            59.639                            21.077               
dAIC                       3.064                             0.480                             38.562                            0.000                
AICc                      34.641                            25.557                            60.639                            25.077               
dAICc                     9.564                             0.480                             35.562                            0.000                


dH-+
                     allparams_bound                     gamma_bound                      simple_unbound                      zeta_bound             
Ref dH-+       error            result           error            result           error            result           error            result        
  39.197      -10.023           49.220           -9.944           49.141          -10.331           49.528           -9.946           49.143     
  46.606       -0.662           47.268           -0.772           47.378           -0.879           47.485           -1.705           48.311     
  57.361        8.098           49.264            8.182           49.179            7.959           49.403            8.269           49.092     
  11.711       -7.841           19.553           -7.846           19.557           -7.218           18.929           -6.798           18.510     
  19.120        1.520           17.600            1.327           17.794            2.234           16.886            1.443           17.677     
  29.876       10.279           19.597           10.281           19.595           11.072           18.804           11.417           18.459     
  -7.887       -7.607           -0.280           -7.496           -0.391           -8.008            0.121           -7.567           -0.320     
  -0.478        1.754           -2.232            1.677           -2.155            1.444           -1.922            0.674           -1.152     
  10.277       10.513           -0.236           10.631           -0.353           10.282           -0.005           10.648           -0.371     
 -14.101       -9.482           -4.619           -9.402           -4.699           -9.713           -4.388           -9.267           -4.834     
  -6.692       -0.120           -6.572           -0.230           -6.462           -0.261           -6.431           -1.026           -5.667     
   4.063        8.639           -4.576            8.724           -4.661            8.577           -4.514            8.948           -4.885     
 -20.077      -10.848           -9.229          -10.810           -9.266          -10.967           -9.109          -10.516           -9.560     
 -12.667       -1.486          -11.181           -1.638          -11.029           -1.515          -11.152           -2.274          -10.393     
  -1.912        7.273           -9.185            7.316           -9.228            7.323           -9.235            7.699           -9.611     

Statistical Summary dH-+
                     allparams_bound                     gamma_bound                      simple_unbound                      zeta_bound             
Unsigned Error             0.006                             -0.002                            -0.000                            -0.000               
RMSD                       7.504                             7.506                             7.601                             7.581                
CV                         8.100                             7.942                             7.584                             8.000                
AIC                        72.465                            68.471                            64.849                            68.769               
dAIC                       7.616                             3.622                             0.000                             3.920                
AICc                      82.965                            72.471                            65.849                            72.769               
dAICc                     17.116                            6.622                             0.000                             6.920                
